# instance by G2
# solution = 0100100111100111011001110100110001110011011100011100111001000001010001001101001110100001011100110000
# solved:    0100100111100111011001110100110001110011011100011100111001000001010001001101001110100001011100110000
# Took my program 26.9 seconds on my 2.66GHz Mac Pro.
100 1000 3
19 -57 61 
-53 -27 92 
26 51 -37 
-32 88 79 
98 -96 23 
-63 -24 1 
-33 94 81 
63 27 -87 
-83 32 -65 
32 -60 25 
-64 -17 48 
-98 -53 -44 
7 -37 1 
69 -100 -43 
-95 -75 -71 
-39 46 -97 
-31 -100 -13 
88 100 26 
-54 88 -64 
43 -16 -41 
-87 28 -11 
-3 86 -71 
61 41 -28 
85 -51 -16 
80 98 12 
-75 1 26 
-79 77 -78 
81 11 -12 
-98 92 22 
-75 39 -84 
-77 43 73 
43 -90 -32 
-58 95 42 
-36 30 -2 
51 4 8 
1 59 -12 
-28 62 -74 
-68 -57 1 
84 -55 9 
29 75 2 
48 -83 -24 
70 71 82 
2 -79 -41 
31 -82 61 
-22 40 6 
31 -38 -46 
-78 55 -38 
86 -57 -98 
80 -10 53 
34 -83 -92 
83 -46 63 
-70 -74 -32 
25 -32 -71 
3 73 84 
-28 -26 62 
-74 -69 71 
-26 -92 -38 
-47 -22 -52 
78 -9 -89 
46 8 55 
68 91 -83 
-93 2 -1 
69 -3 -23 
80 -70 -9 
-50 -54 29 
7 -31 -83 
-6 30 -94 
-35 9 -48 
69 15 -23 
65 -61 -44 
14 -8 51 
-44 43 32 
31 63 -89 
93 -40 -78 
47 -62 46 
13 -71 64 
-24 -22 11 
58 55 -69 
-28 -40 -16 
95 49 -100 
-66 10 -4 
-1 71 -50 
73 -98 -14 
-70 41 55 
-32 -21 92 
38 28 35 
-71 -44 -79 
57 -45 13 
61 41 -82 
92 -76 31 
-63 -90 -88 
27 -75 41 
-85 -29 -39 
-28 -79 -56 
10 -2 -88 
34 -57 -55 
-83 80 -97 
59 -18 -47 
38 -94 -73 
67 19 46 
-10 85 49 
95 3 -6 
53 -79 66 
-4 -39 38 
23 46 -38 
-99 72 39 
62 79 70 
14 -34 38 
-22 -32 55 
-9 4 -63 
-86 -15 41 
-3 34 79 
-33 85 -50 
-79 86 55 
-39 -80 8 
3 -27 81 
39 14 -48 
16 54 -86 
-93 -51 -33 
94 -99 -81 
-78 93 35 
86 85 -37 
-37 -17 63 
23 -24 -17 
-57 92 -51 
96 87 76 
52 -78 97 
-5 74 -7 
-16 -69 -34 
-44 -95 -52 
-61 89 -67 
-64 89 49 
-26 -37 38 
-100 -25 65 
-74 -52 35 
53 -44 -49 
-36 68 -84 
26 -97 38 
-17 36 -11 
94 -59 65 
-4 83 31 
-65 47 -53 
-86 45 -43 
10 -81 15 
96 68 26 
70 -82 -86 
-32 59 1 
-88 -7 5 
19 -60 -56 
24 -76 -74 
25 -2 35 
-7 -38 -76 
37 -43 22 
-24 70 -74 
-92 -56 -66 
66 14 -32 
83 -25 -13 
-76 -61 -17 
75 -99 -23 
-76 84 39 
-46 -2 -100 
15 -36 71 
41 -20 98 
-48 -62 91 
-31 34 -20 
75 -7 -68 
87 -46 -26 
73 -25 6 
77 -38 -75 
12 76 25 
-97 86 77 
49 19 68 
-68 87 75 
-21 63 -61 
53 85 89 
-67 -94 -41 
-79 -94 9 
17 97 42 
-69 -50 -24 
-66 -95 -71 
-93 90 -15 
-52 -99 -75 
-78 53 -42 
15 -16 27 
-36 -88 53 
33 -96 81 
-71 36 -85 
99 -82 -6 
-93 -33 -59 
-72 89 99 
-93 66 83 
-81 57 11 
32 -6 39 
21 11 -63 
24 12 -13 
6 -43 10 
-5 -89 -79 
4 -96 -94 
1 -76 -7 
78 80 -83 
-29 -13 -82 
99 -74 54 
76 -63 44 
-56 10 55 
20 88 -90 
57 -3 -8 
-56 44 -77 
57 -97 78 
-100 68 -26 
91 -79 57 
50 24 59 
50 46 -24 
-15 93 73 
49 -39 10 
-63 -96 -9 
-26 56 83 
-74 -55 48 
-31 50 17 
-51 8 -89 
-25 -93 58 
3 -69 -14 
84 80 -59 
44 -25 92 
-56 3 -8 
-31 -81 -67 
62 -44 91 
37 -77 12 
-30 51 -38 
81 60 85 
-16 -74 -69 
28 -62 89 
-7 -17 90 
40 -35 90 
-72 -19 87 
53 -42 9 
35 19 -37 
45 -41 57 
-8 -71 -97 
86 -7 -10 
-45 -75 -84 
-56 -5 -91 
-51 -60 53 
-46 4 85 
75 40 -55 
-69 61 -7 
11 24 -59 
-88 85 48 
56 -95 96 
-56 -49 -98 
-26 -94 -90 
-48 -26 55 
-96 90 -61 
17 54 25 
-9 97 -32 
41 72 53 
81 -100 79 
-83 -7 -13 
-31 -55 52 
53 -56 25 
26 -81 -74 
-70 90 -5 
-27 -83 37 
66 92 85 
68 13 54 
73 -81 56 
80 95 12 
53 -30 62 
-21 17 -89 
-87 -86 70 
-75 54 -95 
52 -25 -80 
81 86 -31 
-59 -97 24 
-48 5 58 
-90 -96 -31 
-95 -99 61 
77 -36 -59 
81 -97 -69 
-34 -81 -17 
-39 87 -41 
-83 47 64 
8 30 -5 
29 -53 -44 
36 95 -74 
72 22 62 
81 -31 78 
-71 90 47 
25 -65 62 
-50 -23 48 
-33 45 13 
66 -40 -62 
-79 -100 99 
73 13 72 
64 59 89 
67 -64 24 
-87 86 -27 
-95 -76 16 
-6 12 -20 
93 -51 -27 
-30 -3 -97 
-23 8 64 
-7 -9 86 
27 -65 -24 
-35 27 -72 
-61 -1 -93 
-41 74 -65 
9 29 88 
-1 26 -28 
9 -100 -24 
54 64 66 
-73 -39 9 
-2 -21 -46 
44 -48 -76 
-19 -65 -85 
93 -37 84 
-39 -97 -93 
44 -1 13 
55 15 -3 
97 -13 30 
-64 -53 83 
-53 96 91 
44 39 -79 
-62 79 -94 
67 -61 7 
-63 55 3 
33 64 45 
57 -99 85 
9 63 -19 
60 13 -57 
-89 -49 28 
-83 96 -69 
-51 -12 55 
-77 84 -59 
-38 -91 -43 
74 52 -56 
26 -24 72 
-5 37 34 
58 79 29 
99 65 64 
-35 -89 -21 
18 -30 91 
-30 18 -62 
-51 -72 16 
-30 -56 -21 
-55 -51 -7 
-71 -76 -52 
30 -28 -57 
40 99 59 
12 14 -34 
48 -88 -89 
-1 9 98 
-60 -29 -82 
-31 -9 92 
-19 -71 -29 
10 76 -50 
-23 80 45 
-52 -64 -28 
-31 -36 -76 
68 38 73 
-17 55 92 
55 39 -65 
50 -39 -30 
49 70 -77 
74 69 -7 
92 -31 -97 
46 -26 -13 
-7 -36 -2 
6 -38 -56 
9 21 -26 
-6 32 -4 
-47 -70 89 
90 87 21 
-14 -1 43 
38 -82 65 
-89 -8 -81 
16 -81 -59 
-15 -30 -62 
-10 -27 -95 
-49 28 2 
69 91 40 
89 -9 70 
-68 82 -95 
27 35 -51 
-22 74 64 
-18 15 78 
69 58 -43 
-64 -33 79 
13 -12 25 
-97 -18 -86 
-63 7 -32 
96 33 39 
27 -57 -59 
-53 57 -84 
-30 49 -87 
57 -44 50 
23 11 42 
42 91 -41 
-37 87 -4 
46 -59 26 
-23 78 -89 
65 96 -82 
95 -12 17 
-47 87 -72 
13 15 -77 
47 -6 92 
81 99 11 
66 -98 -28 
-29 44 56 
33 -100 -85 
-54 -57 48 
71 74 -68 
-34 66 -32 
80 85 -63 
88 -28 67 
2 84 -65 
-12 -34 99 
-80 72 -3 
29 4 -21 
-95 42 12 
-68 -21 -16 
56 -47 -20 
-85 -41 -18 
34 45 53 
78 -51 -36 
-93 51 -77 
-73 72 40 
-20 73 -52 
-60 22 -52 
31 -41 -55 
59 10 81 
-48 24 -69 
11 -58 -56 
-53 62 -59 
-71 10 -9 
5 -73 60 
67 -35 79 
-19 -76 54 
-98 -24 100 
4 97 30 
-70 -18 -7 
-27 -6 94 
-52 35 -96 
-29 77 91 
99 -62 9 
-21 74 27 
71 -53 42 
-95 -53 29 
29 -96 60 
53 -49 29 
66 48 -61 
62 -36 66 
-51 -7 -60 
11 62 -26 
51 86 -57 
-62 75 -91 
-57 12 -38 
41 -13 -19 
-40 87 -46 
19 13 -70 
-35 -64 50 
-64 84 15 
-1 -24 8 
20 80 61 
-29 95 -64 
28 -78 74 
-2 51 -61 
-83 -50 39 
-50 -30 -6 
-30 -56 -74 
-90 -94 -1 
-94 5 17 
-12 -43 1 
39 -54 -42 
-58 17 -37 
-70 25 -78 
37 -41 9 
-59 -82 8 
54 -100 -52 
-34 53 68 
11 -61 46 
-35 92 57 
-57 -47 29 
-83 40 -84 
-87 -21 -91 
51 -33 36 
29 6 -87 
30 -65 89 
96 37 -79 
59 46 -77 
19 -4 -64 
-2 -47 -94 
-32 26 -70 
19 -10 -48 
-30 -44 -3 
-61 -69 -42 
-11 36 51 
89 45 -65 
79 38 -89 
73 -97 -56 
-21 14 -30 
71 38 -61 
13 74 -90 
-56 30 18 
23 -69 44 
-74 -50 22 
52 -83 -31 
15 91 -33 
49 -60 67 
-20 -82 -78 
26 25 -91 
-80 83 32 
32 -21 84 
41 49 48 
46 -90 -6 
-56 -23 6 
-53 63 -89 
12 -28 77 
12 88 45 
-29 -17 47 
-16 -79 22 
90 74 -21 
12 -93 41 
-42 -2 -84 
-17 78 62 
2 87 20 
9 54 46 
38 21 -51 
-77 -32 -84 
-3 -61 88 
62 -48 -97 
-23 -20 27 
62 -95 44 
35 43 -79 
-40 14 51 
53 47 41 
-91 -97 32 
-27 -5 -73 
-54 -8 -33 
22 -12 88 
29 -8 -58 
-54 -79 -21 
42 -32 3 
75 -72 87 
-2 -60 -35 
70 43 13 
49 -72 62 
35 -41 -79 
41 34 -37 
-86 -44 20 
-52 -87 -96 
-11 -96 9 
-56 22 -16 
-81 -69 -72 
14 -100 77 
-81 10 -16 
62 -82 -96 
-99 92 1 
64 -91 80 
77 73 37 
-42 5 39 
-74 -47 -11 
13 16 46 
-41 30 -57 
-63 -27 90 
18 15 -79 
42 -69 52 
11 68 89 
14 -37 50 
84 -93 36 
61 84 -6 
-42 87 -93 
-27 28 -9 
33 -70 -37 
89 41 -51 
-82 -2 -33 
63 -84 -82 
49 -2 -53 
-20 27 -70 
-3 -18 68 
-26 12 -52 
-23 57 95 
18 41 -96 
35 39 90 
11 -100 -10 
-58 42 -79 
44 22 8 
-88 -57 30 
-73 91 -30 
-89 -38 -79 
-41 6 -54 
-78 92 31 
-77 10 48 
-94 2 22 
-38 23 11 
-86 53 88 
30 92 -48 
32 -94 87 
-46 15 -21 
2 -12 85 
-20 -6 -5 
75 43 -88 
-48 -15 29 
12 26 69 
-61 -63 -42 
-69 24 -70 
26 74 54 
94 -67 33 
52 -64 24 
-62 31 73 
39 8 -80 
-31 49 77 
-75 -80 -38 
79 99 -30 
-83 -90 -57 
-37 91 -10 
-81 -63 80 
36 -73 56 
75 -38 -48 
42 -9 85 
-66 -15 23 
16 -59 -84 
26 -37 -34 
14 51 71 
34 -88 29 
-28 61 3 
-26 86 -69 
-60 69 90 
-6 -100 23 
-62 -81 -45 
-100 -6 26 
66 2 -56 
67 72 23 
-75 69 -17 
2 -19 -30 
-69 94 -18 
56 9 -66 
-8 -97 26 
16 65 5 
53 44 37 
-35 30 -70 
27 -76 74 
-28 -82 -34 
-77 -94 -45 
81 -66 14 
-64 10 -34 
-22 -97 20 
-85 -8 -71 
-79 15 32 
31 75 40 
80 -88 17 
-66 33 10 
-80 70 61 
33 10 -77 
6 43 -34 
53 87 4 
21 -73 30 
-45 -10 -75 
-29 68 74 
-78 11 84 
-16 12 26 
-22 -51 94 
-19 75 23 
-82 1 7 
2 -39 -52 
64 -98 -25 
91 -9 -70 
7 -85 27 
-27 -48 -89 
-52 -77 -21 
-24 7 26 
34 49 -81 
-93 44 -82 
-67 70 79 
-88 98 -71 
-19 -64 -41 
49 -38 -55 
-84 -3 -98 
-62 85 29 
38 -25 -91 
-100 50 -16 
-51 -79 -85 
62 -16 -17 
-35 26 -28 
-1 -87 -74 
46 -7 15 
65 -85 -61 
-21 -55 25 
12 -40 91 
-26 -33 -27 
40 -1 -96 
-22 11 -29 
-25 -29 95 
-83 -82 1 
25 83 -22 
-37 -56 -65 
61 -12 19 
53 2 50 
-30 26 81 
-27 28 39 
-45 79 -13 
81 93 -26 
80 100 -78 
98 20 -87 
-63 79 30 
96 65 92 
-36 16 -39 
68 -20 15 
1 73 14 
-30 -58 -3 
-9 18 75 
21 96 -8 
-95 -71 12 
10 73 -31 
-18 71 22 
56 81 90 
57 -41 -63 
-44 5 72 
67 11 9 
22 34 48 
36 -43 -7 
-2 76 -11 
52 -71 77 
24 72 -39 
56 -42 73 
-1 -2 -25 
5 69 -6 
-41 47 -30 
32 24 61 
-10 71 5 
-35 -25 -72 
54 -30 71 
-80 73 43 
-11 -43 -6 
37 -57 90 
83 98 14 
-25 32 -96 
-4 -19 -75 
-28 38 9 
-26 45 70 
-12 4 44 
-64 58 42 
-37 53 -70 
75 -89 -47 
-67 -34 -29 
60 -78 -33 
46 -15 -52 
-14 -89 -71 
17 98 -6 
-99 13 -42 
-60 90 38 
-41 -65 79 
63 70 -51 
2 94 10 
98 -76 -51 
-29 -19 34 
-19 44 -38 
22 -82 23 
55 -41 -26 
13 -36 -71 
93 -66 10 
-71 98 24 
72 24 94 
91 35 -36 
-85 -86 -78 
84 95 43 
50 -43 -59 
69 20 -89 
82 -49 11 
91 -62 50 
-54 17 91 
-18 -25 61 
-27 55 -80 
-1 -63 80 
-29 -9 -46 
42 97 -56 
-95 69 -71 
-53 24 -18 
-59 42 6 
53 -11 -30 
74 -1 98 
-99 -58 93 
30 -36 -21 
81 62 -50 
8 74 -65 
-62 -89 -91 
48 46 -56 
2 49 77 
-86 43 -14 
30 33 -99 
-74 1 64 
-35 -93 -79 
-46 -85 -3 
-96 -89 -37 
-99 5 -21 
-38 59 -49 
-47 50 37 
-18 -82 27 
2 64 84 
59 54 20 
-60 -38 7 
30 -32 71 
66 42 74 
46 92 -34 
3 79 -60 
-16 -79 96 
-36 -84 49 
37 -15 95 
-20 -39 -11 
48 -42 56 
-19 31 -78 
-67 -76 -86 
23 100 29 
55 37 -47 
45 96 -57 
-30 54 38 
-88 -61 14 
21 74 94 
-28 89 -31 
7 -83 42 
-29 -86 84 
81 31 69 
-66 -12 -14 
-38 -79 16 
95 -96 17 
69 -28 81 
73 -17 8 
79 -36 100 
-14 96 -8 
10 58 24 
-29 -72 75 
-93 -73 31 
-86 63 -84 
-50 95 -49 
-35 65 -63 
-55 91 -93 
18 -89 -33 
-10 -41 -18 
-93 -59 -38 
50 -68 -70 
-77 48 -29 
-78 -56 -18 
-71 -57 12 
38 -24 -1 
77 42 51 
46 55 96 
21 -84 59 
34 96 -100 
-94 -88 -73 
-54 -97 -19 
-44 -74 -84 
-3 5 -45 
44 50 -71 
-58 88 80 
-56 -2 15 
-46 38 93 
-50 -90 22 
63 2 30 
-1 88 95 
-21 80 45 
42 -25 -50 
-98 17 35 
-77 -91 -61 
41 -62 38 
-69 38 -56 
-67 -94 59 
68 -44 -4 
-39 -27 -51 
-96 62 -75 
39 33 -78 
-20 69 -90 
-39 -38 76 
-5 71 88 
90 25 71 
-56 -80 62 
56 48 57 
45 8 66 
-2 -15 11 
-85 -90 -89 
-1 55 25 
30 -86 -42 
56 3 42 
-78 24 -72 
69 -28 98 
-32 -10 84 
-74 95 85 
7 39 -89 
-16 11 -36 
23 -16 6 
15 -11 36 
-13 -11 -93 
-79 -32 -40 
81 7 42 
80 20 -7 
16 -6 -40 
-98 88 41 
-90 -38 -31 
21 -78 -67 
92 59 24 
-83 -93 -41 
-1 58 31 
99 -75 -49 
-55 93 23 
-44 69 -77 
-46 -27 -35 
-77 75 11 
25 58 -75 
-77 20 30 
29 78 -70 
-85 -10 -50 
90 -46 61 
-63 33 35 
35 33 -64 
87 48 84 
44 -78 -90 
-50 73 41 
78 66 98 
49 96 48 
68 22 67 
-19 -68 -87 
-47 -94 -42 
45 62 -21 
-3 -55 -69 
-50 -45 87 
-44 -70 -56 
-12 -26 39 
12 70 100 
64 3 31 
31 14 -36 
61 -58 -46 
-30 -88 -27 
19 64 -7 
-95 12 -100 
31 -18 39 
24 58 99 
85 -100 -47 
18 98 39 
56 -18 70 
-96 3 -37 
-70 -92 -99 
-71 28 93 
74 -89 71 
-94 -91 79 
-69 19 38 
-6 84 85 
-62 40 79 
75 -11 91 
93 70 -65 
-14 -61 12 
-35 -37 -19 
19 -37 31 
-74 -77 -38 
6 11 67 
48 -78 52 
-33 -40 -21 
-61 -68 -47 
8 85 -65 
-82 -44 -4 
-3 87 40 
64 -73 7 
27 -94 33 
68 -5 58 
88 -62 -65 
90 15 87 
77 -57 38 
-68 -100 37 
90 -27 13 
-82 -72 32 
-55 91 71 
74 82 -15 
-67 18 52 
12 57 -1 
-95 22 61 
58 72 -34 
-62 87 98 
-13 -98 28 
79 10 -56 
13 3 50 
-28 46 78 
-97 -28 -36 
16 72 22 
-37 -12 26 
-88 -50 -82 
25 -7 -60 
-56 7 39 
54 5 -44 
17 19 -3 
58 87 10 
-36 73 90 
-85 7 49 
-45 12 33 
28 54 83 
-69 62 35 
-66 40 32 
91 -56 -18 
-46 98 18 
51 -84 7 
59 -75 -84 
-74 -63 -31 
66 -50 -70 
99 -31 86 
