# instance by G2
# solution = 100111000111110001100001001100
#    wow!    100111000111110001100101001100 was obtained without TINY MUTATIONS on top items. Took about five minutes to get this far, before optimization.
# They are only ONE BIT DIFFERENT! So I implemented tiny mutations, and it works hundreds of times faster now!
# FINALLY SOLVED: 100111000111110001100001001100
# Took only 3.3 seconds on my 2.66GHz Mac Pro! That sure does beat FIVE MINUTES with no final solution!
30 5000 3
27 -15 26 
17 -23 -20 
22 16 -29 
-7 -23 1 
-23 22 -15 
-5 16 -25 
-24 -27 10 
-20 9 -2 
-7 -8 -23 
19 12 3 
24 6 -23 
-25 -27 15 
-15 21 18 
23 9 12 
27 -7 -20 
30 3 -22 
30 -3 28 
13 10 -3 
-30 -20 22 
-12 -24 -21 
18 -8 27 
-26 -11 -20 
18 -8 -28 
-22 21 16 
5 18 -17 
-18 -10 -26 
6 -7 -28 
-21 -12 19 
-1 16 4 
-7 -14 12 
-1 -7 -15 
-28 14 26 
-16 -19 -28 
5 14 -4 
-2 -7 18 
13 -8 -27 
-26 -2 9 
-10 26 -9 
-20 1 -3 
-19 27 12 
-20 4 -1 
18 -4 -21 
-29 16 -18 
-20 -8 -5 
14 -30 -10 
4 10 -27 
-22 -1 -29 
-13 20 -25 
4 -30 15 
-30 7 12 
-9 -21 -24 
-20 29 1 
-17 -19 -12 
-16 27 26 
-23 -19 10 
-22 -18 -15 
-16 14 -13 
8 -21 19 
-20 15 2 
21 10 -30 
11 13 3 
12 -24 6 
21 -4 -16 
6 14 29 
-13 11 -12 
9 -8 12 
12 -4 23 
-6 7 19 
10 11 5 
4 22 16 
-4 -7 9 
-1 3 28 
11 13 15 
-4 18 -26 
1 -10 18 
25 28 22 
-9 -19 4 
-25 17 11 
21 11 25 
28 24 -2 
-27 -15 -7 
-9 27 -18 
10 1 22 
17 -2 -16 
19 6 11 
-5 -30 -4 
7 19 24 
-26 5 -9 
-10 -15 -18 
-27 23 24 
-30 8 -24 
2 3 6 
12 -13 2 
-21 -7 -11 
-30 -6 29 
9 -30 16 
-13 28 -5 
1 20 -26 
-7 14 2 
-11 5 24 
-6 2 5 
8 24 -6 
-17 -26 -13 
13 10 -28 
-10 24 26 
19 3 -27 
-20 -18 10 
-21 6 3 
-3 15 9 
18 24 -19 
-2 -20 15 
-25 -30 17 
-30 -21 -14 
-3 -5 1 
3 13 17 
-29 21 8 
26 9 5 
-15 -18 -6 
1 22 -7 
3 -15 -22 
-12 17 -21 
-18 20 -29 
19 -6 8 
24 19 -15 
-12 -17 -22 
-11 -15 -29 
-13 -2 -6 
25 12 -30 
-9 28 -7 
9 18 21 
10 28 -12 
24 -27 17 
-29 -18 21 
6 -19 -13 
15 -22 14 
13 -25 -23 
19 -16 13 
26 1 -9 
-8 6 -23 
10 28 -24 
3 -17 21 
4 16 -10 
24 11 -10 
2 8 12 
27 8 -5 
24 25 3 
-10 20 -29 
-7 -17 -11 
-9 -16 -1 
19 -17 28 
3 -20 -16 
-25 2 -19 
-25 -18 2 
-7 -1 -2 
-21 -4 -24 
26 29 6 
-29 -12 -10 
11 5 10 
-17 -16 -5 
-16 -30 -13 
-30 25 18 
-25 27 15 
14 12 30 
25 9 11 
-8 15 26 
25 19 11 
-8 26 22 
9 7 11 
-4 13 -26 
1 -11 -25 
21 4 19 
7 20 -17 
16 27 26 
-15 17 7 
-3 -21 1 
-17 -7 24 
15 18 -30 
20 12 11 
9 3 -23 
29 5 -26 
-20 -24 -2 
-20 -7 -8 
-6 20 -17 
-7 3 -13 
-3 14 27 
-5 -30 -14 
-15 -23 -1 
-13 22 1 
-25 -5 -6 
18 24 26 
-16 -6 13 
24 29 16 
8 10 29 
-7 10 29 
-3 23 17 
-12 17 -8 
27 15 -26 
-25 20 8 
-16 21 -23 
28 -10 -12 
-12 16 -20 
17 24 9 
24 4 -17 
-12 -5 6 
20 -26 -28 
-19 13 29 
-1 -24 19 
-29 -3 26 
-26 7 -22 
4 26 29 
18 -19 -2 
6 -13 19 
1 -29 -15 
-16 6 -9 
5 12 -15 
-13 18 5 
24 -2 9 
-28 -22 3 
-27 -30 -12 
-5 -19 18 
29 11 20 
-25 -8 9 
-16 22 21 
-11 26 28 
20 25 14 
-30 -14 -11 
-15 -5 25 
-21 -5 -30 
-20 -16 21 
-13 -30 -11 
-1 -21 7 
-15 30 -22 
-9 -26 23 
20 -29 14 
-15 7 -18 
7 6 27 
24 -3 -15 
10 27 2 
7 -1 -3 
-23 -21 -18 
13 -21 18 
13 -19 -21 
19 29 30 
8 27 17 
18 -11 -4 
-3 13 25 
-3 27 -30 
-25 -3 -2 
9 -13 19 
13 -17 -14 
17 5 -28 
-8 -30 -27 
-8 -4 -7 
4 18 -24 
-8 -15 12 
10 26 4 
-6 29 -2 
-7 21 20 
6 -21 -4 
30 -6 -15 
10 -9 -29 
-4 -8 -2 
-1 -12 -7 
-29 -17 11 
-25 21 -4 
-27 28 -11 
6 18 -4 
-8 6 -29 
27 6 -8 
-17 -10 -24 
-1 -17 -28 
4 -15 13 
19 28 -4 
7 25 -30 
4 -30 -24 
-24 28 -17 
5 3 10 
30 19 -18 
2 -15 29 
-21 -20 -23 
-12 -24 -7 
27 20 12 
-3 -2 -20 
-8 -12 5 
19 -4 -30 
18 24 8 
-25 -16 6 
-17 -22 -13 
11 21 -14 
-9 6 -30 
22 26 -30 
-17 15 26 
-17 -16 -1 
-20 -23 11 
-4 -3 9 
3 -1 12 
-14 -18 19 
-7 -11 -27 
-22 -23 15 
9 -12 10 
-9 -10 -21 
24 28 30 
-10 -1 -8 
-3 -21 20 
27 -6 -4 
10 -15 -20 
-4 -7 6 
-19 5 -4 
-5 -13 -30 
-21 7 2 
4 -27 -6 
-10 25 14 
12 5 -26 
-27 -14 4 
-28 -30 25 
25 -12 -22 
-6 27 16 
-21 -19 -5 
-6 30 -29 
-21 -9 -16 
15 4 -19 
27 16 25 
-8 25 24 
5 -19 4 
14 -11 3 
3 -12 -22 
-15 1 6 
-9 21 25 
23 -14 19 
-3 16 -25 
-23 -10 -22 
-17 29 8 
6 -22 15 
12 30 22 
19 30 -20 
-11 -23 10 
-26 24 -13 
-14 -1 24 
-1 28 6 
-17 -13 26 
16 8 -7 
-22 -14 -16 
-2 -25 -7 
-10 1 -25 
-3 -1 8 
-3 15 -6 
27 -4 30 
-4 30 -17 
-25 -6 -29 
-10 -26 -9 
22 -21 10 
11 18 24 
-11 30 28 
10 16 -12 
18 -17 3 
-15 20 21 
12 -14 -23 
-2 9 17 
-26 13 -1 
-24 2 5 
-13 21 -7 
-20 29 -4 
-30 20 26 
14 5 -26 
-25 -15 14 
-30 -20 9 
-16 14 10 
-12 21 -8 
-1 19 30 
-11 -20 14 
-17 -18 14 
-19 23 -17 
-1 14 11 
9 -8 19 
-30 -11 20 
6 -28 22 
-3 -10 13 
-3 1 9 
23 -5 10 
20 14 16 
6 23 30 
26 12 -4 
29 5 28 
-27 -21 11 
-11 18 -28 
-30 -26 13 
-29 -8 -1 
1 9 -28 
3 -8 7 
-24 6 23 
9 -17 -16 
25 -12 -20 
-18 22 -25 
6 -7 -15 
26 13 -24 
-15 17 -26 
11 22 -4 
17 -22 -3 
-30 -25 -27 
-21 11 30 
17 19 -12 
1 -18 9 
-23 -20 -5 
14 -25 -10 
4 6 2 
19 -5 -12 
-23 -26 -16 
-16 30 -28 
29 13 -24 
-12 -26 29 
15 -26 20 
10 22 16 
25 -16 -4 
-22 -13 6 
-22 -21 24 
-12 24 -3 
3 22 -25 
1 23 27 
-13 -26 -20 
-27 -7 -30 
-16 17 -13 
-23 28 12 
1 -18 24 
28 -3 29 
10 24 -30 
30 27 23 
30 28 22 
-9 -4 23 
-30 18 -14 
19 -18 14 
-16 4 -6 
-15 21 28 
-17 -8 10 
23 -17 4 
30 -8 -11 
21 6 3 
-5 -17 -8 
-11 23 -3 
4 -11 -29 
14 -26 6 
-18 -30 19 
-8 9 19 
27 8 -13 
6 -17 22 
12 10 -7 
-20 12 2 
5 -13 -1 
-9 28 11 
-19 14 10 
-30 -8 -16 
23 -30 -16 
-26 5 13 
-1 -18 14 
-4 12 -20 
27 -5 -10 
1 -23 -7 
17 -16 8 
27 -23 -8 
-15 14 -11 
21 -22 -24 
-2 -6 -22 
2 4 -11 
-1 -29 30 
-19 -2 23 
4 -13 26 
7 9 6 
18 6 -22 
24 15 1 
-16 28 -15 
29 -11 13 
-23 21 27 
20 -1 -3 
8 19 -27 
-20 -15 -22 
11 8 -3 
22 -3 6 
-16 -1 -5 
1 26 -19 
21 17 10 
-2 -14 20 
1 7 19 
-27 -18 11 
4 21 -9 
-8 -3 1 
11 -19 12 
24 -1 -25 
-26 7 17 
-30 -15 3 
6 -12 22 
13 -20 -26 
-9 -20 30 
6 29 -12 
-9 -30 -3 
25 -7 22 
-19 -8 7 
-24 -3 -16 
-22 27 18 
11 23 -28 
7 -21 17 
22 11 5 
3 13 5 
-4 -24 -20 
-5 -24 -2 
18 12 8 
-15 -20 30 
25 -3 -13 
-6 -16 -5 
-7 -30 -27 
14 1 -20 
12 27 -5 
-5 -2 18 
6 10 -16 
7 3 -21 
14 -1 10 
18 12 10 
-20 2 -19 
-10 -26 -21 
-8 -22 -25 
-12 28 -5 
28 -20 4 
26 6 -21 
2 18 -8 
-12 4 -13 
28 29 -10 
12 -7 -30 
-8 2 -12 
26 -29 28 
-3 -24 27 
-7 -14 22 
29 8 -26 
17 -29 12 
12 25 4 
-29 19 16 
-30 13 -7 
5 11 -17 
24 -13 3 
3 10 29 
6 16 -10 
17 5 20 
10 -5 30 
23 6 -24 
-9 20 -8 
15 -20 27 
12 -30 25 
-11 8 -22 
-24 -8 1 
-2 18 3 
28 -25 -9 
-27 -15 7 
-21 -9 4 
-13 -28 1 
-5 -17 2 
12 3 14 
10 9 -12 
-9 13 19 
-8 -6 28 
-13 11 9 
-8 26 -15 
-13 10 23 
6 -4 -7 
-22 -14 27 
11 5 17 
-11 18 -9 
-12 -17 -21 
-9 17 26 
-13 -25 3 
4 -13 -23 
-4 1 -11 
-13 12 6 
15 2 28 
-1 -3 27 
1 -18 28 
9 -2 -10 
-10 29 -3 
10 -15 -25 
-8 -21 -1 
8 13 2 
12 -6 -28 
4 8 15 
18 -1 -22 
-16 -6 -21 
-23 29 -10 
-2 28 20 
-7 24 -4 
-5 11 -24 
6 -18 26 
-1 -5 -8 
19 8 -27 
-30 7 11 
8 30 -16 
22 -2 -6 
-29 15 13 
20 -21 29 
-10 4 15 
-2 -20 28 
-27 -19 -21 
7 -20 -23 
-29 20 19 
-6 -23 3 
5 -16 -24 
-17 5 18 
26 -28 -16 
22 6 9 
4 16 -2 
27 1 11 
-12 28 -6 
1 -24 -23 
-2 -21 16 
-14 28 -8 
-21 -19 9 
16 19 10 
-17 23 3 
19 -6 7 
19 -27 -9 
-11 -26 16 
-15 1 -13 
-2 5 -11 
5 23 -14 
16 28 15 
-30 6 -1 
-7 -16 -8 
-20 3 -10 
-6 1 20 
-22 -11 -28 
-29 23 2 
-19 18 11 
-26 18 19 
4 -7 -26 
-9 18 -20 
2 -11 -22 
-22 -10 12 
9 25 27 
-19 11 4 
-20 14 -30 
16 13 6 
5 -21 -26 
13 -21 -6 
-8 26 11 
-29 -22 -24 
28 4 2 
-25 -10 30 
-23 20 4 
-21 -28 -12 
-5 18 -1 
-13 17 5 
-2 -19 -17 
-6 -26 21 
12 -27 29 
7 27 -15 
-25 -1 8 
21 -2 -13 
14 -12 1 
-29 -17 -9 
13 -14 5 
28 14 16 
-25 -20 26 
-27 4 14 
1 30 11 
25 27 -4 
-11 -6 14 
11 8 -9 
-3 -14 5 
6 -15 3 
29 1 -17 
-14 -15 -10 
11 26 -24 
4 -18 15 
-12 -13 10 
24 -29 -6 
-29 -18 -25 
3 -17 1 
2 -5 -7 
-4 11 -1 
-2 -10 -15 
-2 4 -14 
-13 19 -30 
-9 -27 -13 
15 -13 -23 
4 -12 1 
-9 -4 11 
-30 20 -19 
-6 -16 17 
23 19 -2 
-3 15 12 
-11 -2 23 
-7 -4 -13 
-1 5 11 
-22 -3 16 
-28 -22 5 
9 15 19 
-26 29 23 
1 25 -26 
-25 -2 18 
25 3 11 
-28 -10 -15 
7 21 -29 
-8 19 15 
4 -14 16 
9 -15 -7 
27 -10 -30 
-18 10 -20 
25 18 -11 
-21 -28 -29 
10 8 -9 
-18 4 -27 
-1 -16 23 
-10 23 -3 
1 29 -14 
-20 3 -23 
-10 29 14 
21 6 29 
21 -9 17 
14 -16 18 
-22 -20 25 
-17 -30 15 
-29 21 1 
12 -17 16 
-17 -11 -6 
-5 -14 -15 
-7 -6 -5 
19 22 29 
12 20 -9 
-21 -25 -2 
18 29 16 
-2 9 11 
-9 -22 24 
-22 -16 -12 
-7 6 24 
21 1 -2 
-23 22 7 
-22 -17 10 
29 12 26 
-26 -24 -13 
21 13 8 
-21 -1 -19 
-15 8 6 
2 28 1 
-23 17 9 
-3 13 6 
-30 -12 -22 
-9 21 11 
12 2 -18 
-30 -6 -19 
-30 20 -18 
-24 14 -4 
14 20 28 
3 14 17 
-1 -8 -20 
-24 18 -25 
22 23 13 
23 24 29 
-10 12 20 
22 -3 -20 
9 10 7 
5 -11 24 
-28 -4 -26 
11 16 -5 
-6 -25 -5 
20 6 1 
-28 18 13 
-7 22 28 
14 -4 -16 
1 16 -30 
-15 14 18 
1 16 4 
13 2 14 
26 20 -21 
-16 29 -11 
21 -23 -16 
-5 -27 -20 
-9 28 -2 
1 11 -26 
5 8 13 
27 -16 -7 
10 -15 -25 
10 -12 8 
19 -8 13 
-11 26 6 
-22 -19 -14 
-19 -24 18 
-6 27 11 
-28 4 -13 
-7 -30 -5 
-20 15 -3 
4 28 25 
-26 5 20 
23 -6 -7 
-20 6 -18 
10 -14 26 
14 -15 1 
-26 -28 20 
-25 -12 6 
-5 -14 24 
6 -5 -7 
11 -4 -1 
1 -26 -13 
-16 -14 26 
-21 27 26 
28 20 15 
-2 -27 -11 
-1 4 9 
-18 20 10 
-11 26 28 
15 10 -5 
-29 13 -2 
-5 -20 -6 
-9 15 3 
-16 21 3 
2 26 12 
19 24 8 
30 -5 14 
21 18 13 
26 6 27 
3 15 24 
5 9 -7 
7 13 -23 
11 -5 6 
25 -24 -20 
10 9 26 
-7 -10 1 
-2 -1 4 
-9 7 20 
12 -7 5 
-19 -10 13 
25 1 -29 
14 -27 -30 
19 -10 11 
-14 30 6 
-28 1 -8 
2 4 16 
-27 20 -29 
-19 14 -30 
-9 -10 -14 
-5 -13 11 
16 -20 7 
6 -12 9 
-21 -1 -26 
22 -25 27 
8 18 -19 
18 -23 14 
19 1 -3 
-8 22 23 
-11 28 -30 
26 -30 -29 
26 30 -9 
-27 14 23 
13 -28 15 
-25 -14 28 
-21 19 17 
5 -14 6 
10 -19 8 
27 26 3 
-8 -10 -21 
11 10 -28 
26 12 6 
26 -21 8 
-6 -20 -16 
-27 18 8 
-23 -26 -19 
-25 17 30 
24 -15 -20 
-30 -13 -29 
-18 17 -8 
19 -11 -30 
7 -15 -9 
-24 19 -2 
-28 21 -3 
20 -9 -14 
11 16 7 
27 22 14 
-19 14 16 
-17 -1 -24 
-27 -12 -3 
3 13 -19 
18 -25 20 
-12 14 22 
-11 28 5 
-2 21 -20 
-16 -4 -20 
-16 9 -4 
20 -2 -21 
26 10 -25 
-11 -26 16 
22 2 18 
25 28 22 
-7 16 -23 
5 9 29 
27 -20 -11 
16 11 -12 
4 15 -2 
-2 -10 25 
8 -16 28 
10 -3 13 
26 7 -9 
-16 -3 -21 
-26 22 -1 
9 -29 5 
-27 8 -17 
-22 20 -15 
-22 10 -29 
-8 22 20 
2 -4 24 
-23 -29 -3 
-15 -7 25 
-5 3 -25 
-2 -19 -10 
24 28 -27 
30 -8 -20 
14 17 18 
28 7 13 
-6 -27 -29 
29 -2 17 
20 -22 3 
4 -25 7 
-7 13 -15 
-30 -14 20 
25 18 -19 
-3 29 2 
-4 5 28 
19 -28 -11 
16 10 -14 
-30 -28 8 
-23 -22 -24 
18 8 14 
18 17 -12 
-10 -30 -5 
-16 -27 15 
-1 17 18 
-23 -2 17 
-27 24 8 
-25 12 -3 
13 21 -7 
24 -22 27 
6 16 20 
9 12 -23 
-26 -23 10 
-9 -23 19 
-20 8 -9 
17 -10 -29 
-7 4 -26 
-18 24 -14 
-25 -26 11 
6 -14 26 
-14 20 -30 
-22 -17 -6 
-19 -23 -6 
11 27 -25 
-20 17 27 
21 17 18 
-28 -18 -16 
-15 -22 3 
22 -4 -8 
24 -10 4 
-9 -21 23 
-20 -27 -21 
30 -28 -23 
12 16 14 
-10 21 -17 
16 18 -5 
9 -25 -22 
14 24 20 
12 25 24 
6 16 -23 
28 19 -26 
8 -21 -11 
9 19 -12 
10 13 14 
20 14 -4 
12 16 28 
4 -28 12 
17 10 5 
5 -29 25 
-2 8 26 
-26 -4 -21 
28 13 -15 
-16 -20 -28 
24 -15 -17 
28 -7 -11 
-17 23 19 
-2 11 20 
-29 -15 -17 
22 -8 26 
-19 -15 18 
-29 -30 -21 
1 26 24 
-12 24 -1 
11 13 5 
-27 -15 23 
-26 9 12 
-30 -23 28 
-21 30 20 
-9 13 7 
7 27 24 
-15 12 29 
14 17 -13 
-6 14 -3 
4 -9 14 
24 -16 20 
27 -9 2 
28 -30 -24 
30 -19 14 
-5 -8 -15 
-19 -25 -17 
9 3 5 
-22 -18 26 
4 -29 -9 
-24 -21 28 
-8 -6 18 
9 15 -23 
21 -29 -15 
-29 30 -22 
16 28 18 
5 17 -18 
18 27 28 
-10 -29 -3 
-20 -11 27 
18 -24 -12 
-8 -9 -27 
-24 13 -12 
29 -8 -28 
23 24 -7 
10 -19 9 
17 4 21 
-10 -15 2 
-12 -29 -23 
2 26 14 
20 7 -25 
14 -9 17 
24 1 -21 
-12 -5 11 
5 9 29 
-17 18 -8 
-1 -10 19 
5 27 -24 
8 -16 5 
-21 19 2 
-15 -29 -6 
-26 1 4 
-5 20 -17 
-22 -24 -18 
-3 20 -27 
-7 -2 18 
-7 21 -9 
1 -4 20 
21 13 -5 
-2 18 27 
-9 27 10 
6 26 -19 
8 19 25 
-12 10 -3 
21 17 -30 
25 -22 -26 
-2 -14 17 
5 18 19 
-3 26 6 
-30 23 -21 
-2 -15 12 
-18 5 2 
22 16 24 
-18 6 -25 
11 -6 -15 
-14 2 28 
24 -8 -9 
-3 -21 22 
-25 -2 -24 
-30 29 -27 
11 -27 19 
-6 27 -17 
14 3 -12 
-12 28 11 
-10 -8 9 
26 19 -6 
-13 -18 -26 
-22 -10 1 
7 -20 -12 
-17 -20 -2 
-10 -13 5 
-7 23 -16 
5 -16 -2 
-22 -25 30 
1 -27 -5 
-14 23 1 
19 6 9 
19 4 6 
30 12 -16 
10 -14 24 
12 -2 8 
-3 -9 23 
25 -17 -22 
6 -23 -18 
20 2 -23 
-21 -4 -16 
26 5 11 
-4 -30 27 
16 -15 -9 
6 21 -24 
-10 28 -24 
-12 29 -21 
15 -27 -17 
7 18 4 
-2 -1 26 
26 29 5 
-1 -26 -7 
-30 22 -17 
6 21 -25 
-22 -2 9 
-21 -3 -16 
-12 29 27 
5 6 -17 
-17 -2 10 
29 -27 -2 
1 -27 4 
-13 -16 -3 
19 18 13 
-4 -26 -6 
16 -29 11 
9 26 1 
-21 11 10 
-8 -10 -16 
-20 14 5 
22 11 -21 
29 -13 -3 
3 11 27 
-25 21 -26 
-22 3 4 
12 -3 22 
-23 -25 -27 
19 21 25 
-29 -6 30 
-30 -12 -2 
-11 4 6 
-20 9 24 
3 -26 -12 
-6 -29 -23 
1 5 -3 
-1 12 3 
-7 3 -10 
15 -26 -22 
-7 -16 15 
-23 -9 14 
11 -16 26 
-5 29 -8 
-25 1 -15 
-3 8 15 
-22 24 8 
10 25 6 
27 18 10 
14 -29 -23 
-16 -2 -30 
20 27 14 
-20 25 3 
-27 -7 19 
26 18 12 
6 -17 -2 
19 -6 29 
-7 -24 10 
-28 -16 -19 
-25 24 29 
-5 18 -24 
14 29 -8 
5 25 18 
24 5 -17 
-30 7 -27 
-23 -13 25 
30 -12 -7 
28 -14 -5 
-29 -3 16 
16 -2 9 
5 -12 18 
-29 -14 -1 
-7 4 12 
-17 -16 20 
-17 -22 11 
13 20 7 
19 -4 -15 
6 3 12 
-5 9 1 
11 -3 30 
13 -10 -16 
4 19 -25 
19 -12 29 
-23 6 4 
15 3 11 
6 -13 -29 
26 -8 -25 
12 -8 -16 
26 1 -13 
9 -1 6 
-3 24 -2 
29 -10 -20 
-16 25 12 
16 10 -19 
23 19 25 
24 -21 -30 
-7 28 -25 
-20 28 27 
26 27 7 
-28 19 -12 
8 16 10 
-3 13 26 
22 -8 -1 
4 -7 -18 
23 -21 -5 
-12 -9 4 
-24 27 -21 
23 -5 27 
18 -16 29 
18 -26 24 
16 -8 1 
-26 4 29 
11 4 -1 
-8 4 -29 
-3 -1 -27 
-18 -20 16 
-13 -9 7 
24 -26 27 
15 -25 29 
22 17 -20 
3 -26 4 
18 12 -4 
-27 -28 -16 
-2 -20 -3 
-2 -3 16 
-9 12 17 
15 -30 12 
-6 23 5 
-8 -21 -29 
-25 -24 8 
-4 14 -12 
11 -12 5 
28 11 10 
-18 -28 -30 
-21 -19 8 
-3 -19 27 
13 2 -18 
-18 -21 17 
-23 14 5 
-30 8 -10 
-30 24 14 
2 -15 8 
-17 -21 -10 
24 -3 -13 
-26 -20 15 
-3 -15 -29 
5 -3 -14 
-6 -25 -12 
-23 -20 2 
27 14 -29 
19 17 27 
20 -28 -21 
27 22 20 
-23 -19 5 
-25 26 -11 
-27 6 -30 
24 -8 27 
2 -5 1 
5 4 26 
13 29 -4 
-17 -20 8 
-22 -2 -16 
26 -22 -6 
-3 -6 26 
4 -16 -14 
16 -23 -21 
17 4 -16 
25 -20 -17 
2 17 -25 
1 4 -19 
-11 16 19 
-15 -17 -22 
-7 -16 -17 
5 11 -30 
16 13 -5 
-6 -15 -14 
-22 7 13 
18 27 20 
-23 9 14 
-17 13 -11 
27 7 -25 
-13 -26 -4 
10 11 12 
-12 -11 19 
-11 2 24 
13 -6 27 
6 -23 -3 
-3 -12 -15 
-5 -16 27 
27 11 -21 
-27 13 15 
12 -8 -11 
6 -22 14 
-1 5 23 
-2 -20 -16 
27 -5 26 
-12 6 8 
25 2 -8 
22 26 27 
-29 -28 5 
-1 -22 -2 
14 -23 -19 
-10 -7 17 
14 19 -5 
-29 -4 -13 
-22 24 -5 
18 14 -23 
9 27 2 
14 18 27 
-21 29 -15 
-25 -24 28 
-26 -20 2 
4 26 15 
-15 -14 -4 
5 15 -23 
-21 2 -23 
-23 -20 -13 
7 -15 25 
18 16 -21 
-25 -8 -14 
-29 12 25 
-10 9 -29 
9 5 16 
30 14 -18 
11 -2 17 
-7 17 24 
6 -14 -12 
-23 -6 -15 
25 -21 20 
2 14 1 
-28 29 27 
-12 27 26 
-19 29 -21 
10 20 7 
-25 27 -11 
-29 15 25 
-30 26 -21 
-8 28 6 
27 13 11 
5 -16 -27 
13 -19 -29 
21 5 -12 
11 -24 -23 
-6 24 -23 
-20 -13 25 
-26 -23 -14 
-8 -23 5 
-14 -7 12 
-16 -23 17 
-2 -16 -27 
3 -17 -24 
-4 -2 -28 
-18 21 5 
20 5 23 
-3 13 -4 
-1 -5 -20 
25 -2 -13 
18 -14 -8 
7 8 -29 
15 1 -3 
10 23 -15 
-15 -29 7 
22 28 23 
-14 -7 -6 
2 -9 15 
-27 -17 15 
-9 -15 -10 
-29 -3 15 
-28 -5 -8 
-9 -22 -21 
-23 12 6 
7 -20 -28 
-17 14 -26 
27 26 16 
4 27 5 
-5 16 -25 
20 14 -22 
-24 10 21 
9 -30 24 
-20 -12 -17 
-20 3 17 
-6 28 25 
28 -11 21 
-3 15 6 
-25 11 2 
2 -24 13 
27 -23 10 
6 13 -12 
-8 -30 -21 
-27 13 -23 
-3 5 -9 
-7 -30 -23 
25 -17 -26 
16 3 18 
10 18 29 
-2 30 -4 
14 19 28 
14 25 19 
26 -29 6 
-11 -21 14 
2 -4 -9 
-19 26 27 
22 13 14 
10 -23 2 
27 2 30 
4 29 23 
27 24 15 
5 8 28 
7 -12 13 
-11 -28 -16 
-3 -27 1 
-9 12 16 
25 15 10 
11 30 5 
20 15 -29 
26 -15 12 
-24 10 7 
-25 24 -7 
-2 23 -28 
11 18 19 
10 -22 15 
4 12 -29 
7 -25 -18 
-2 13 -28 
25 24 -9 
14 -15 20 
28 13 -5 
10 -7 18 
-27 -23 28 
26 -12 1 
26 -23 13 
-20 1 3 
-3 -27 -7 
-22 25 16 
28 -1 18 
1 -18 5 
-11 6 -19 
1 15 -10 
20 18 6 
-11 -25 16 
-24 -22 5 
21 5 1 
19 4 13 
-23 -6 22 
19 1 23 
24 25 11 
13 8 6 
-4 -26 15 
-3 -7 -22 
-11 24 -16 
-12 -15 -30 
11 -8 -26 
23 -22 25 
-28 14 23 
15 -16 -12 
12 -8 30 
7 -29 24 
-29 -27 13 
28 -12 9 
19 8 -16 
28 23 -25 
-13 -23 -29 
-4 -14 -17 
8 -30 26 
-17 11 27 
-26 -27 -24 
-1 10 7 
28 -18 25 
27 -4 -8 
13 -5 -9 
16 -4 10 
-15 -21 -12 
-17 13 30 
27 14 -15 
-12 -30 24 
-5 -29 -3 
27 -3 17 
-6 -7 22 
-26 17 7 
25 -7 -19 
-25 17 26 
-7 -12 -17 
-2 -7 -25 
-12 23 6 
-21 -30 11 
17 -8 7 
-12 -25 20 
7 13 -11 
29 17 -3 
-25 16 -27 
-20 2 18 
-23 -29 -8 
22 24 -21 
-22 -6 -4 
-16 9 -13 
-17 -27 -2 
4 9 -18 
26 -27 -29 
-30 -27 3 
30 4 -7 
-12 -25 -2 
18 -20 -4 
3 -16 24 
13 -18 -24 
-7 6 -2 
-22 13 23 
3 -19 -21 
-2 -25 9 
22 -4 -17 
-9 -21 18 
17 -3 -7 
29 15 -30 
-20 -3 23 
-30 -23 -18 
29 -18 -25 
-8 -30 -3 
-26 -7 1 
30 -15 16 
-9 -15 23 
-21 -20 -4 
9 -7 -27 
20 19 21 
17 22 19 
-23 -29 8 
-12 -3 30 
16 6 -23 
-13 12 -28 
-30 24 -26 
18 -20 -23 
-12 -11 -15 
-3 -1 -15 
-20 -25 22 
7 -22 2 
20 -30 26 
-22 -19 24 
14 -9 -8 
19 -16 1 
-30 -4 1 
1 12 -22 
7 -4 -3 
-5 17 28 
13 -1 -25 
14 30 5 
-29 8 -15 
28 25 -11 
-8 -9 -30 
-13 -23 -21 
15 21 10 
-17 24 3 
20 -23 19 
-12 1 -30 
-16 7 -11 
10 -11 -8 
28 30 5 
24 -4 14 
28 1 -7 
27 23 -4 
4 -20 2 
12 28 1 
12 -7 -28 
-25 6 19 
-25 -9 -22 
-9 -20 21 
12 13 -14 
-23 12 -17 
27 26 15 
-4 1 22 
27 -3 -7 
-30 3 16 
30 -3 -27 
-2 7 -10 
-21 22 -29 
17 20 1 
-12 14 26 
21 14 -15 
4 -9 -7 
6 20 14 
22 -12 -20 
17 -29 27 
-23 -1 3 
-8 -4 -12 
21 -22 30 
17 29 -23 
30 22 -23 
-9 2 -17 
-3 -5 -4 
-11 -25 13 
-26 -2 21 
17 1 -10 
-11 -13 18 
-22 11 21 
-17 19 21 
-13 17 6 
6 -18 30 
5 10 1 
-19 -3 24 
-23 20 -10 
-28 13 -2 
-24 10 -19 
9 -29 -19 
12 -24 -17 
24 18 -17 
-10 -8 19 
-11 -20 5 
-18 -2 -15 
-18 -9 22 
-12 19 -20 
9 -28 5 
-10 24 -17 
-14 6 16 
-15 -6 -16 
27 -1 18 
27 25 -29 
5 30 9 
-28 -23 -26 
3 -18 10 
11 1 -8 
7 26 -25 
-3 18 -6 
-21 -6 -29 
-2 -20 3 
8 22 4 
27 30 -15 
2 26 -17 
24 14 -2 
-8 -18 -19 
7 18 -28 
14 -11 17 
-7 5 30 
-15 3 6 
28 -2 17 
-23 -27 -7 
-28 6 23 
-11 -19 24 
-27 -29 9 
-12 -29 15 
13 -25 -27 
25 5 -16 
-17 -29 -18 
24 23 -18 
26 17 -15 
-16 -1 -19 
-22 -24 19 
21 -20 24 
-23 20 14 
-29 -30 19 
21 29 18 
14 7 -15 
-23 -3 10 
15 -13 -23 
21 -11 -8 
-24 -6 12 
-18 27 29 
24 2 25 
-27 19 -4 
2 28 -21 
30 1 24 
-19 -22 29 
17 28 3 
-12 22 -30 
-18 8 6 
18 17 -21 
-30 -5 -27 
-23 -26 -1 
4 20 21 
3 12 -16 
13 19 -11 
-18 -3 -28 
14 -27 -3 
-5 30 6 
-1 14 3 
27 -1 25 
12 -23 -9 
-7 -10 -24 
26 4 24 
18 -6 -24 
4 2 3 
18 22 -14 
14 23 1 
19 11 -21 
-7 -1 28 
-5 -15 -10 
21 -4 -25 
2 -16 -3 
2 -21 22 
-10 -2 -13 
28 -15 1 
-8 25 9 
-20 30 26 
-22 10 2 
-8 18 -16 
27 14 -10 
-30 28 22 
-10 -21 13 
-7 30 -11 
-25 -21 -14 
-9 -15 -30 
11 -6 -17 
15 4 -10 
-18 -3 22 
-7 26 5 
-21 -30 18 
-20 -23 -13 
-25 -27 -21 
5 -18 -12 
-16 13 1 
-7 8 6 
11 7 26 
-23 16 -22 
-16 -26 22 
-8 7 -3 
-14 -4 1 
-7 -29 -30 
-21 -24 7 
8 -7 23 
-5 13 -8 
-2 21 3 
8 14 -18 
1 -13 21 
13 -15 1 
-11 -25 -9 
-15 27 -12 
-3 17 -27 
-19 10 -9 
-30 -5 17 
28 -9 26 
10 12 11 
-19 -11 12 
-29 16 -3 
-16 27 19 
23 11 21 
-20 -4 -12 
-26 -20 -13 
11 10 24 
17 21 6 
-3 2 27 
-30 26 7 
-9 4 -7 
8 -12 11 
-16 6 28 
-2 23 1 
-6 28 8 
-18 -24 -7 
-8 -12 21 
29 -17 -12 
21 28 -22 
1 -26 5 
25 6 -23 
25 -2 15 
21 -13 -25 
-22 3 6 
1 3 -29 
-17 -10 -28 
-9 -13 -10 
18 12 -24 
29 27 -16 
-7 14 12 
7 11 18 
-18 -22 11 
2 -21 -30 
9 -18 19 
-25 27 21 
21 -24 -3 
1 24 5 
-25 -28 20 
13 19 -23 
10 4 -14 
-9 17 -30 
1 -17 -28 
26 14 16 
-28 19 -8 
-6 -22 23 
-9 29 6 
27 29 -28 
20 -22 -8 
-28 -24 -15 
-9 29 5 
-5 2 12 
6 -3 -27 
-28 18 6 
-9 -6 -4 
9 2 -3 
29 -16 -4 
18 17 -19 
-6 -2 -25 
-13 -28 12 
3 -9 -8 
-16 7 20 
23 -22 27 
14 -17 -13 
-8 -27 -10 
-13 -12 -7 
-19 10 23 
-19 27 3 
26 -18 11 
-6 -29 15 
-21 1 -9 
-29 -26 23 
22 5 -21 
-13 -29 20 
5 1 27 
3 11 4 
-30 -3 -22 
-18 -20 23 
-17 8 -2 
4 -5 16 
10 -18 -22 
11 -15 26 
23 -2 3 
-11 -2 -9 
24 29 4 
-29 -12 -7 
-9 17 -26 
29 23 -17 
-27 12 -6 
13 -23 -15 
-25 -30 -24 
-21 15 22 
-25 4 -8 
6 -15 30 
-15 4 -21 
-9 -14 10 
-12 -29 19 
-15 -5 -28 
-17 27 16 
-12 19 -24 
-22 -16 -30 
-24 -3 -23 
17 -30 -28 
8 27 3 
24 -15 20 
-20 24 -27 
-19 -14 -9 
21 29 -17 
-17 13 -4 
-25 16 -4 
18 22 -8 
13 -30 28 
9 -13 18 
15 26 10 
16 4 8 
-14 -26 -25 
22 21 -7 
-30 -29 -4 
-6 12 -19 
-11 3 1 
-9 22 23 
28 -6 -3 
12 -3 13 
-23 -3 -28 
3 2 -16 
1 17 10 
-11 -16 4 
-8 -9 29 
-11 12 -5 
-2 -14 -3 
-7 3 -14 
20 10 26 
11 -1 21 
-3 -28 29 
25 -24 -16 
-29 27 26 
-21 19 -20 
-1 -30 -28 
-27 9 -22 
-14 11 21 
-1 10 -18 
-13 28 -27 
8 19 -13 
27 -15 -16 
-2 1 17 
-13 -16 -12 
-22 -30 -29 
-2 -21 -17 
29 -20 -27 
25 -1 -17 
5 -12 15 
-22 -13 20 
-15 25 -9 
-30 -5 -19 
16 -26 15 
-18 5 11 
23 -6 -16 
25 19 -7 
5 -18 -29 
10 6 -30 
11 21 6 
-30 -21 -17 
-15 -20 12 
-8 -1 -21 
-15 -29 11 
-26 -24 28 
-3 -13 19 
13 25 29 
16 -2 13 
-30 7 -6 
2 -12 11 
2 28 -12 
-5 24 -19 
18 25 -11 
2 -1 13 
-19 -21 -30 
5 13 -8 
23 -3 29 
24 28 21 
-21 -8 -9 
-26 25 18 
-14 11 12 
8 -13 -15 
-17 -6 7 
-16 28 -27 
29 -25 26 
-17 2 8 
6 22 23 
-27 28 21 
15 -4 -25 
-4 -8 25 
-1 -8 -17 
-1 -9 -26 
-15 -23 30 
23 10 -14 
11 7 23 
-25 4 7 
25 6 -4 
-26 -17 3 
-27 -6 -23 
13 21 -30 
2 -25 -20 
9 -14 -22 
-25 -11 -13 
-19 1 -15 
-2 -24 -7 
-2 -29 -5 
12 22 -20 
-13 -26 -18 
27 -5 16 
28 -18 -10 
26 -12 -20 
18 21 1 
-16 -21 6 
16 28 18 
12 17 5 
-21 -5 -14 
-19 -10 -23 
-29 28 8 
8 -29 -2 
3 25 4 
-25 -22 13 
5 -27 -22 
-25 27 -19 
27 -30 14 
-20 13 -21 
-23 14 18 
1 -30 -24 
-13 25 -16 
-24 -25 -8 
-4 24 -18 
-29 30 -20 
-7 26 1 
-26 -12 -14 
-13 -7 -29 
19 10 -25 
-16 24 7 
19 14 -28 
13 -18 3 
7 11 -2 
-21 20 -12 
8 21 -30 
23 -2 -10 
1 -5 16 
28 -26 -2 
20 -29 11 
-5 3 -7 
-15 29 -7 
-11 -27 28 
-28 -19 10 
4 26 -15 
14 -22 -12 
-8 9 1 
28 -5 15 
3 1 -27 
-30 1 20 
4 22 15 
9 -2 -12 
19 -5 24 
16 6 -29 
20 27 -22 
-30 26 -21 
22 -19 -9 
-26 17 -16 
13 -25 4 
-16 -26 -23 
28 -19 21 
-22 -30 -3 
16 -2 14 
3 21 5 
3 8 6 
1 -6 8 
-23 -12 -1 
28 8 2 
19 8 10 
18 27 -24 
3 5 -30 
22 -9 8 
30 25 -23 
7 -29 -24 
9 21 6 
-19 4 5 
-20 -24 -22 
-1 -26 28 
-17 23 -5 
7 -14 -29 
-20 -7 -3 
-26 -11 22 
24 -6 29 
-4 11 -28 
25 20 -29 
-11 -21 -23 
28 8 -11 
-20 -22 -29 
26 -3 -15 
-15 -10 8 
-1 24 -22 
27 3 10 
-14 10 29 
16 10 -23 
3 28 16 
5 12 11 
17 -20 30 
-22 -2 -1 
24 15 10 
-18 12 -22 
-26 -5 -29 
-4 -5 -21 
29 -19 -30 
22 1 27 
10 -12 -6 
6 -8 -14 
-3 -20 -10 
26 16 18 
19 5 -18 
19 -28 2 
-27 -12 6 
8 14 -15 
-1 22 18 
-12 19 -29 
18 -6 24 
21 -3 12 
-4 19 22 
12 -22 -14 
27 16 28 
-8 29 21 
24 -2 23 
26 15 -17 
24 23 29 
1 -27 8 
3 -13 -22 
3 -24 11 
22 -27 -8 
4 -9 13 
9 12 28 
-18 -9 -21 
-8 29 23 
24 -28 19 
25 7 -8 
14 28 16 
18 17 -26 
14 -17 -23 
5 -27 26 
-29 -13 -5 
-14 -9 -19 
-6 23 14 
-11 -18 -8 
-29 -15 -13 
-30 4 -15 
-2 4 -21 
-4 2 -3 
-11 -7 5 
1 4 -14 
18 -11 3 
-30 8 -26 
-8 23 -12 
-8 22 -30 
-30 -20 2 
8 7 24 
-12 26 -15 
-19 30 11 
27 -21 14 
22 12 -27 
-11 -26 -18 
1 -20 -17 
-16 -24 -7 
7 -2 -24 
4 -16 28 
-29 -19 23 
-11 -16 23 
22 2 24 
-3 11 19 
-28 -8 -14 
-23 -29 -8 
-27 -20 -11 
18 -11 -24 
-7 -13 29 
-1 -2 -24 
28 17 -14 
26 -17 -14 
-21 15 -28 
-19 6 21 
-30 21 15 
6 28 -12 
26 -22 -5 
-16 5 12 
-17 -7 13 
8 2 -26 
7 19 -23 
-14 16 -2 
-21 -13 -14 
-24 -17 -3 
17 -8 -28 
-3 17 -18 
-14 -28 1 
-12 8 -21 
21 -30 15 
-18 -2 -9 
10 -24 16 
18 15 8 
-21 -9 -3 
17 -19 10 
-16 -25 -22 
-29 1 18 
21 17 28 
21 11 1 
-8 -4 -14 
6 10 27 
22 -14 28 
-29 22 -26 
-17 -18 4 
-6 20 -22 
12 14 -15 
14 22 26 
-5 -25 16 
27 17 28 
-23 18 -14 
-18 11 -16 
-13 17 4 
5 16 6 
16 5 25 
19 22 -16 
-11 25 12 
20 -22 30 
-13 16 -21 
-13 27 16 
14 -19 20 
-17 -4 14 
5 3 28 
4 -2 -15 
-5 17 6 
22 -2 -13 
12 1 -13 
-11 24 20 
-5 29 6 
-20 -18 11 
26 -7 -9 
-24 -28 -7 
-22 16 20 
-3 -9 -21 
2 30 6 
25 -21 -9 
1 -14 16 
-7 26 14 
-21 23 26 
17 12 -6 
19 8 30 
9 18 -14 
-7 -17 10 
-7 9 25 
19 6 -1 
-15 -17 7 
10 22 -17 
-15 -4 3 
19 28 11 
-4 18 -21 
-30 16 14 
-5 24 -21 
-11 -5 19 
-12 -29 -10 
14 -9 -18 
9 -27 -21 
14 10 -18 
-7 9 -21 
15 19 10 
-24 -18 -26 
-9 24 8 
-26 -14 8 
-4 3 27 
24 18 20 
2 17 4 
19 23 24 
-10 -22 -21 
-7 -27 22 
4 25 -2 
-12 -26 30 
30 17 4 
-28 17 5 
-9 21 -14 
-7 16 -14 
12 1 14 
11 -14 -13 
-8 18 -29 
21 -29 -22 
-21 -19 -1 
22 -3 19 
14 -4 21 
17 -26 12 
-28 18 4 
12 8 3 
29 19 22 
19 26 15 
-30 -11 -3 
8 -27 -2 
-21 8 19 
-23 -25 20 
-12 19 9 
-28 -30 -4 
-21 18 14 
12 23 8 
28 30 17 
30 24 11 
-30 27 -7 
6 -12 19 
1 -15 -4 
-22 -14 -7 
-9 -16 24 
4 25 -30 
1 25 30 
28 -24 -23 
5 4 22 
4 -3 1 
23 10 -17 
10 -26 -27 
-10 -4 1 
1 -9 -24 
15 6 4 
-28 -16 -21 
11 -30 -24 
-3 -14 -27 
6 -11 19 
16 -20 29 
3 22 -21 
-3 -5 -26 
-7 11 -14 
-7 -25 18 
18 -9 -2 
-17 23 -22 
-9 -2 15 
-28 -30 17 
-22 28 23 
-17 24 29 
10 -16 -3 
28 -18 10 
28 -29 2 
7 -13 -3 
-27 -16 -12 
-17 12 20 
10 2 22 
-30 -18 26 
2 29 27 
19 7 28 
13 21 30 
-16 29 -7 
-25 -8 -24 
7 11 28 
-10 9 19 
19 -26 -14 
-3 -10 -17 
-7 -20 -10 
-19 -25 -8 
-25 -14 -22 
-10 15 -7 
-22 -15 -27 
8 -13 -2 
-27 5 -11 
25 6 -29 
-29 10 12 
4 10 -20 
3 -18 12 
-26 -21 -14 
-11 -30 -22 
-27 -30 14 
-17 16 -27 
-30 4 9 
-20 18 -4 
-18 11 -23 
-22 6 -30 
1 -11 21 
23 -30 -4 
-23 -27 -10 
-30 -21 20 
7 18 -3 
-17 -26 19 
-13 -2 -11 
-10 -29 -2 
10 13 29 
3 -27 5 
-21 22 -10 
28 -12 25 
7 4 -1 
-3 9 11 
-12 4 25 
1 -28 16 
18 17 -5 
-13 -15 -10 
-9 -15 17 
-24 1 -7 
1 25 14 
15 1 24 
17 24 12 
2 18 -10 
19 -26 11 
20 -4 -9 
-9 -29 26 
-6 22 13 
-25 13 1 
-21 -10 -19 
-22 -24 5 
-21 -30 -20 
2 22 6 
7 13 -4 
29 -2 -26 
-17 9 19 
-11 -28 -21 
9 1 -14 
-21 7 14 
20 18 7 
-20 -18 1 
27 12 -24 
-8 -28 23 
-1 2 -16 
-9 7 -16 
-1 4 12 
29 26 -21 
-9 -22 10 
14 13 4 
9 7 24 
24 -13 14 
-9 -27 -6 
-15 26 -8 
14 12 19 
-20 11 18 
-21 -8 -13 
-7 -3 -22 
-30 19 4 
-15 5 8 
23 17 12 
-7 -10 21 
11 8 12 
2 -26 -4 
-27 -2 -10 
6 -29 4 
27 12 23 
24 -9 26 
-12 -29 -2 
-28 -17 20 
10 14 1 
-13 -20 15 
3 8 -2 
-13 2 -16 
-5 11 13 
-3 -25 -28 
-23 -3 -18 
-25 -26 16 
-30 14 24 
2 8 19 
-4 -17 27 
1 11 -2 
-13 -20 23 
-27 -29 24 
-11 12 30 
27 -23 -21 
11 -8 -21 
-2 4 -6 
-7 1 24 
-8 -30 -23 
6 27 7 
-3 17 30 
17 -5 13 
10 -26 -12 
3 29 10 
28 -21 -25 
-5 18 1 
-1 18 -26 
-1 -3 -25 
-20 22 26 
-5 18 3 
18 1 -7 
6 -30 -26 
29 5 2 
12 15 18 
-28 -5 -16 
12 21 -28 
-17 6 22 
-26 -8 -28 
25 6 20 
4 -24 15 
-10 24 -27 
5 -17 -14 
-25 29 -24 
25 1 5 
-3 9 -29 
-10 -9 25 
-17 -23 27 
1 25 30 
14 -7 -19 
8 -25 -1 
26 22 -25 
-28 -17 4 
15 -25 -6 
22 13 20 
-2 19 14 
3 -12 14 
20 -5 -30 
11 -1 5 
22 17 -15 
6 21 18 
21 17 -9 
-17 16 -3 
24 18 21 
-3 -18 -12 
29 -2 -22 
-24 -9 -11 
5 27 -17 
-28 13 -10 
18 1 21 
10 -4 17 
7 19 -26 
13 -22 4 
-27 17 -23 
16 11 -20 
13 -2 20 
-17 -6 -22 
-17 9 18 
-6 19 -4 
-30 5 -14 
-29 -3 -25 
-25 19 7 
-3 27 -15 
-5 -15 24 
-29 18 -21 
-6 5 7 
8 -15 -9 
-20 16 8 
7 -22 5 
5 21 -28 
-6 10 -17 
19 20 4 
18 -25 29 
12 3 9 
23 -16 3 
25 5 13 
-16 8 -19 
16 5 -19 
21 -26 19 
10 29 22 
-1 -30 -5 
19 14 24 
4 22 -15 
-8 -11 -16 
24 -21 7 
-26 1 -25 
-23 -24 5 
12 -29 -1 
-20 -25 5 
-15 -17 18 
-19 1 20 
-17 18 -14 
-3 7 -12 
19 -29 -24 
-30 -21 -28 
14 18 -26 
3 -24 -2 
4 21 20 
8 24 28 
30 19 -1 
8 28 -6 
15 -22 14 
-11 8 14 
-29 18 27 
14 -15 -12 
-22 30 -29 
22 -9 7 
-18 28 20 
21 22 -17 
3 14 2 
-15 -12 -10 
17 16 -21 
21 30 28 
-23 20 -21 
14 11 13 
3 -17 -20 
20 -23 -1 
-19 -27 10 
24 19 8 
-12 10 -27 
-3 30 1 
12 14 -17 
19 -12 -28 
14 -30 -9 
13 -14 27 
13 -25 -8 
-15 -12 -18 
7 -24 27 
11 4 -23 
24 -3 -21 
-13 27 -17 
-16 22 -3 
-20 -4 18 
25 -19 -30 
25 20 12 
15 14 26 
-14 12 -23 
-23 4 -15 
-21 -27 2 
10 1 8 
4 -29 18 
-8 14 20 
25 -28 -8 
-17 14 2 
6 -8 -19 
-24 -6 27 
8 4 29 
24 -7 12 
2 28 22 
14 -30 -17 
12 11 -21 
-26 10 -12 
-15 -11 -25 
-4 -26 -14 
16 -22 -18 
1 -14 -26 
9 -10 11 
13 -8 5 
-22 16 -27 
2 -7 -5 
12 -11 26 
12 -13 24 
14 21 6 
-30 12 8 
-23 -16 -11 
22 5 2 
-28 17 -7 
-15 -23 13 
2 24 -6 
28 -8 -7 
21 25 -20 
-16 -21 6 
-23 14 27 
-13 -1 -8 
7 10 -22 
-1 24 -30 
22 -12 -26 
-4 25 -30 
11 -4 -15 
11 10 -21 
-8 24 23 
13 30 21 
-8 29 7 
-16 18 26 
19 25 27 
-25 -13 7 
-29 -24 15 
20 4 23 
-14 -28 -16 
-29 2 -16 
8 -29 14 
2 25 27 
12 -17 16 
2 13 30 
-30 -12 -4 
-26 28 8 
-2 -6 11 
20 28 -7 
-21 -23 -30 
22 -13 1 
-26 29 -17 
-22 -26 27 
-8 -19 -5 
-25 19 14 
-15 -9 -24 
-1 -20 10 
-12 -30 4 
-9 10 18 
30 -22 12 
-17 8 -14 
12 -26 -2 
-30 -8 -19 
1 9 2 
1 -16 -18 
-17 -8 14 
-27 20 14 
-14 -11 -26 
6 -22 -17 
-1 27 9 
-1 5 -15 
6 -19 -25 
7 13 -11 
-22 -9 23 
25 5 -18 
-30 24 20 
-8 25 -6 
11 20 -2 
-14 23 -2 
-22 20 28 
-13 -5 4 
14 30 11 
-23 -13 21 
-29 16 6 
-22 12 18 
-3 -14 1 
20 14 -8 
-29 -30 -27 
-13 -16 -30 
14 28 7 
-20 18 -16 
-13 12 15 
10 -3 -12 
3 -29 2 
26 -23 -9 
19 17 -13 
-9 -30 -5 
-21 -20 -3 
-16 20 -15 
17 24 5 
-9 -4 23 
-2 -29 -18 
-24 10 -5 
-21 -2 17 
-30 -19 9 
16 -29 -2 
-1 -23 -14 
-29 -25 -18 
-9 29 -22 
22 12 19 
-12 24 -13 
-29 30 -12 
-25 -14 -5 
6 9 -16 
26 21 27 
-22 -11 -5 
-30 -14 -3 
16 18 -12 
-24 19 -5 
7 -15 21 
5 -9 -24 
10 -23 2 
-27 -12 6 
11 30 3 
13 5 -30 
12 5 28 
17 -2 15 
-13 1 -15 
-18 15 -16 
28 -16 -5 
-11 -22 5 
4 -20 19 
12 -17 -20 
23 3 12 
1 -29 28 
-25 -7 -11 
-6 18 -21 
18 8 20 
-14 -3 9 
-22 -14 -21 
-17 23 8 
-28 27 23 
25 -16 -19 
13 -7 23 
20 -14 -2 
21 -27 -23 
24 23 22 
-2 20 -1 
-25 18 -7 
29 -22 17 
-21 22 2 
26 -4 -16 
11 18 5 
-4 20 -9 
-7 -26 18 
25 -12 13 
12 9 7 
-21 26 -7 
28 -23 -3 
-21 10 -22 
4 -26 -30 
-10 -29 -16 
-19 -25 -22 
-10 5 -9 
15 -6 5 
7 24 19 
-8 3 -23 
11 -18 25 
-4 -22 9 
26 -5 12 
-21 11 24 
-9 24 8 
-5 23 -8 
28 -25 23 
-3 8 29 
-23 4 -17 
-6 -21 -12 
-22 -5 23 
20 -26 -30 
-13 -20 1 
-2 25 -24 
-30 -29 -5 
-29 14 -19 
4 23 -8 
24 -16 -11 
-22 20 5 
-23 -9 -19 
-4 -15 -29 
-16 -14 26 
30 -17 14 
-3 13 20 
-16 -13 11 
-27 19 -16 
-7 -19 25 
23 -22 -27 
27 9 -29 
-27 -14 -8 
-25 -12 -1 
-17 8 -15 
22 7 -3 
29 -7 2 
13 19 -17 
-15 25 -2 
27 -30 -2 
20 12 27 
-27 11 -29 
-10 18 -22 
-12 8 -3 
29 -19 -30 
-13 -9 30 
-5 -23 16 
-27 23 -22 
4 -3 -27 
16 9 -7 
5 -4 27 
-16 -28 24 
-10 -15 27 
-9 11 -30 
-24 6 9 
-3 1 17 
18 11 14 
-2 14 3 
15 -30 3 
-4 -8 -10 
17 5 -1 
-23 16 25 
-9 30 -4 
-10 28 -8 
-22 16 -24 
-5 -7 30 
17 -16 13 
6 5 13 
10 5 12 
-9 -24 -17 
-18 20 27 
-29 -11 -14 
16 -9 -20 
-19 10 5 
-16 4 18 
-10 9 -8 
-10 12 19 
25 -28 18 
6 9 10 
15 23 4 
2 17 24 
-9 -13 1 
-9 -29 -14 
-9 24 -1 
10 -24 20 
19 -7 -13 
-6 13 -23 
6 -16 -23 
14 -22 15 
17 -29 9 
-28 -30 16 
-21 22 -17 
-29 -7 -3 
-17 27 28 
-23 26 10 
-11 12 -6 
-21 -7 28 
4 7 25 
-22 -30 5 
1 7 -10 
-6 -8 -21 
8 23 27 
-29 17 15 
12 -29 18 
-15 6 -30 
-8 15 5 
14 26 25 
23 -25 -13 
16 -17 -13 
-21 -24 -22 
-14 -5 27 
25 14 21 
-8 14 12 
-21 11 -5 
-10 1 16 
-4 -28 11 
-30 9 19 
-9 3 -10 
-9 3 13 
-10 -29 -4 
-5 14 -24 
11 17 3 
18 4 -9 
-4 17 14 
20 8 -7 
-13 14 -1 
-27 -25 14 
-21 12 -5 
20 -25 30 
-20 -24 4 
-3 -13 22 
-8 17 -28 
28 29 -5 
-30 -5 20 
-28 -21 5 
-27 12 1 
-8 -29 -15 
-1 15 -9 
-17 27 -6 
12 7 -20 
-24 11 6 
-26 18 27 
-25 -29 -20 
-9 -11 25 
29 18 19 
24 -1 6 
20 -23 -19 
-3 12 -17 
-24 -21 16 
-28 2 10 
-24 -19 -29 
27 -19 29 
-10 -23 -15 
27 -15 -29 
-14 -13 5 
-21 2 1 
-25 -28 9 
28 17 -4 
-14 -17 -8 
-16 -11 8 
-2 20 10 
-6 -17 -7 
-29 15 16 
16 5 -13 
9 -8 -1 
-30 20 -11 
1 -27 -15 
28 -1 -14 
-5 -24 -22 
21 -17 30 
14 2 17 
-29 26 19 
22 10 -21 
-26 10 -9 
23 -21 27 
14 -12 1 
-19 -2 23 
2 -5 -23 
7 23 14 
-6 4 -12 
-18 -29 -4 
-18 -20 -3 
-16 10 -22 
-17 8 19 
17 -23 21 
-15 -11 -4 
-26 -11 13 
-25 29 -13 
-2 1 30 
-1 16 -8 
-30 11 -5 
-16 1 21 
26 27 18 
-2 29 12 
1 -10 -27 
6 -2 -21 
15 27 29 
-28 -23 -2 
13 27 -21 
4 -25 29 
-14 23 1 
-8 -18 29 
14 -17 23 
-14 1 3 
-10 -17 28 
-8 11 -15 
22 -1 -20 
-16 -20 -9 
-17 -30 18 
-3 -10 22 
20 -24 27 
-26 5 6 
-22 11 -2 
28 -6 13 
-12 -22 -4 
-7 21 -28 
-4 11 10 
-3 -10 -1 
-26 17 29 
-9 1 -12 
17 -23 25 
25 -7 -21 
28 25 5 
-17 9 -7 
12 8 -25 
6 -15 1 
22 -30 3 
6 -15 10 
2 4 -29 
-21 -2 -14 
13 30 -3 
14 -9 13 
-30 15 -29 
-11 -9 30 
-25 22 -12 
3 20 6 
4 18 -24 
-17 5 -15 
26 -1 -7 
6 16 23 
-26 6 2 
6 18 -29 
-9 -20 1 
-10 -25 -18 
26 -23 17 
-16 14 23 
-21 -17 -23 
5 4 9 
28 -24 15 
-9 -21 -11 
-12 -27 10 
1 -29 24 
-8 7 22 
-13 -17 -12 
3 -25 22 
15 10 27 
27 20 -25 
4 6 -16 
-25 -2 -29 
22 -7 25 
-15 -19 28 
19 18 9 
-20 -4 2 
23 -7 -26 
6 -5 -15 
-14 -20 -16 
-13 1 14 
-1 11 22 
-2 -20 -26 
-3 26 -21 
6 27 17 
-25 19 -4 
20 -13 -16 
25 -16 -17 
-1 10 21 
-11 -18 27 
1 19 -24 
-17 -29 7 
19 -8 -21 
10 20 4 
25 8 -7 
9 -17 6 
-2 26 -17 
9 -10 -7 
-11 -9 17 
-2 -18 -3 
-12 -2 5 
-11 -4 -21 
-15 5 -12 
-17 2 -6 
23 16 -21 
7 10 -26 
11 28 29 
17 5 -3 
-18 -23 14 
30 -20 -18 
-13 30 -3 
24 -13 -17 
23 7 -17 
30 -5 6 
4 -16 9 
-8 22 -11 
29 27 7 
-1 -13 14 
-28 27 2 
13 -7 15 
-26 -13 -20 
-29 -11 -4 
-23 -11 25 
18 -12 13 
-21 -26 -17 
-18 5 17 
18 -19 -29 
29 -2 -11 
18 -20 26 
-22 17 30 
30 -27 -22 
-16 -25 13 
-6 -25 -14 
-14 5 9 
28 -7 13 
-18 14 2 
-6 -29 -8 
-22 20 -21 
-22 16 29 
-27 -26 17 
6 -1 17 
-12 14 -3 
8 -22 19 
2 -20 -23 
-24 -29 23 
-20 -12 22 
1 27 16 
5 -3 -20 
28 -29 12 
-18 -7 27 
4 29 -30 
17 -13 -22 
-15 -21 -11 
-14 -23 5 
-23 15 10 
-7 12 6 
-3 23 1 
19 -11 -20 
27 29 -24 
-14 -18 10 
-29 -17 14 
-12 1 27 
1 -25 21 
10 29 19 
-24 10 5 
-28 -8 -13 
-28 19 -9 
-1 -17 -8 
-29 22 20 
-25 -24 -9 
-23 13 -30 
23 -29 -14 
-19 6 -23 
-30 13 19 
-13 -29 12 
15 -10 -17 
-18 -30 -14 
28 14 -16 
-14 21 19 
9 -3 -23 
8 -3 -4 
8 13 -27 
-3 11 4 
17 -16 28 
28 23 5 
5 11 9 
4 -14 -7 
30 -26 28 
-3 11 28 
3 -20 -5 
-27 9 10 
20 27 -9 
23 -27 -30 
-1 10 -19 
30 -12 -23 
4 -6 -7 
-15 18 -1 
5 6 -13 
-8 -19 -26 
22 -16 -24 
22 13 -6 
-7 -9 12 
18 -27 -10 
-8 -3 -2 
22 -13 10 
-3 10 19 
-1 -18 -9 
24 19 11 
-14 22 4 
-22 18 15 
9 -3 13 
-15 -13 -7 
-21 30 -7 
-26 11 -6 
-8 6 -7 
17 11 -8 
13 -17 -26 
7 24 15 
9 -11 19 
-13 18 -21 
26 -7 16 
-7 -5 -11 
-16 12 -23 
5 20 -13 
-5 19 25 
-15 4 17 
-30 -8 28 
27 -10 -24 
19 28 29 
-15 -10 14 
30 -4 -15 
12 8 23 
30 -23 -22 
4 -5 17 
3 14 -2 
-25 -30 15 
1 -8 10 
-5 -4 -8 
24 20 -27 
16 30 -22 
18 -29 -4 
21 23 24 
13 -28 14 
-7 18 4 
-23 3 -22 
27 21 14 
5 7 -2 
-23 17 22 
-7 -9 -13 
4 -26 5 
-20 15 -30 
-7 -29 -27 
21 -23 -14 
16 -19 11 
-26 -7 4 
28 -22 8 
13 -11 -16 
-12 11 26 
-26 21 23 
12 8 15 
6 18 -4 
30 -25 -17 
-30 16 -20 
6 -25 -22 
27 -12 1 
-23 2 19 
-10 -30 -12 
-23 -26 17 
-6 -21 -11 
25 30 6 
-12 6 -23 
-15 -17 -12 
1 -9 27 
-24 16 5 
-4 8 6 
11 8 -10 
-30 -27 -9 
-20 -21 -19 
-26 27 -15 
11 -25 -6 
-20 16 -5 
-3 8 29 
1 -19 -3 
6 2 20 
16 19 20 
-1 -11 -8 
-23 -25 9 
-11 -29 -2 
7 -28 -9 
-2 -6 -8 
-1 16 -2 
-29 -24 11 
2 13 -6 
13 -10 18 
-2 19 -7 
-1 -17 16 
-28 -29 15 
16 -24 -9 
-26 20 -28 
27 15 -8 
18 -22 -3 
18 30 -19 
-23 14 21 
-20 28 -14 
-2 21 13 
6 -10 3 
8 19 13 
29 1 25 
21 22 -30 
28 29 -7 
-30 -29 4 
-15 6 -13 
-25 -6 -17 
-5 6 -29 
-20 -3 -8 
23 6 27 
19 -25 8 
18 7 -1 
-21 12 28 
-21 27 18 
2 26 12 
-11 13 9 
18 28 -17 
-28 -17 5 
6 -3 -20 
-26 -21 22 
-30 14 -15 
-12 -26 13 
-28 -23 13 
-18 28 -1 
23 -15 -1 
-5 16 6 
5 -9 -13 
16 18 2 
-26 -7 6 
21 -24 19 
-5 -16 26 
4 29 30 
-21 6 13 
7 16 -17 
-17 28 -23 
-9 -15 -30 
-6 17 19 
14 26 -8 
13 3 10 
14 1 -6 
-1 20 -2 
-26 -4 -29 
-15 9 30 
-4 18 -7 
25 -8 9 
11 -14 -10 
-3 -21 8 
-7 -17 24 
16 5 -25 
27 9 -4 
-20 3 -21 
-1 11 19 
-1 23 14 
12 19 -17 
19 5 -17 
15 28 -8 
7 -20 -23 
-9 -22 -3 
-18 -15 14 
-9 12 15 
10 5 17 
-25 5 -18 
-4 28 29 
-21 26 4 
16 -8 -20 
6 -29 19 
12 -8 17 
2 16 4 
25 -17 30 
20 29 -26 
24 10 4 
18 19 14 
29 -3 -23 
30 -13 18 
-17 19 23 
-12 -16 13 
10 -2 21 
30 -20 16 
15 -18 5 
16 -9 -21 
-23 30 2 
-12 -10 18 
9 28 -27 
-14 12 -28 
-19 26 -21 
14 -2 6 
15 6 10 
-17 11 14 
-20 27 -15 
-21 -17 -20 
25 -15 -28 
1 13 -14 
11 28 -5 
-29 -15 22 
10 -15 -20 
-22 12 -26 
29 6 -10 
-7 -18 -30 
23 -8 17 
-16 14 -29 
-25 -2 16 
11 -25 -26 
29 -25 27 
3 -21 -15 
-12 -3 -28 
-17 15 2 
-18 12 2 
1 14 25 
21 -29 15 
14 4 -18 
-7 16 1 
11 -6 23 
5 -20 -30 
23 -2 -10 
-24 3 -20 
1 22 12 
-26 -12 -27 
6 -28 -10 
28 13 -17 
-6 -1 -29 
27 -12 -16 
-15 -13 19 
-2 6 -16 
-23 -21 17 
-14 10 -4 
1 -13 -29 
-8 7 -6 
20 -21 27 
19 -6 14 
19 -10 -6 
6 27 24 
-15 2 4 
-9 8 11 
-18 6 27 
-14 5 13 
1 17 27 
30 -22 -3 
8 13 17 
-19 -20 -4 
18 19 4 
1 30 9 
-15 -1 -18 
-9 18 8 
1 -9 16 
10 -17 -4 
-22 17 -3 
-19 3 -17 
10 -27 14 
13 10 3 
-27 20 1 
16 -25 15 
11 -15 -26 
-8 17 28 
26 -24 11 
25 -8 -7 
-21 8 2 
-30 -28 -19 
-11 29 4 
3 -2 5 
-18 5 -20 
-24 -27 -30 
-1 17 12 
14 -3 -23 
-15 -27 19 
-8 9 -29 
7 12 -14 
10 -13 -2 
10 -11 -28 
-22 15 7 
-24 -15 -8 
18 -17 -7 
-7 25 30 
7 8 13 
-25 -6 -17 
14 17 -29 
-26 -10 -19 
-30 -4 8 
-14 19 16 
21 1 -10 
-7 1 29 
4 -25 -24 
-13 5 9 
-25 5 3 
-14 18 5 
-12 9 24 
-7 -17 -23 
22 19 4 
28 17 3 
-14 -8 9 
6 27 -20 
-30 -21 23 
-23 6 -25 
-9 21 -11 
9 -17 20 
19 -25 22 
11 26 -5 
-11 -7 29 
6 24 7 
24 13 -12 
10 27 -12 
-13 -25 -20 
4 22 1 
-8 27 -9 
11 -26 -3 
11 8 -15 
4 30 5 
-26 -23 -19 
27 -2 -5 
4 9 -27 
-6 8 28 
-7 18 -29 
-23 3 -19 
4 -5 16 
-28 6 11 
11 -23 -14 
-6 -8 16 
9 -11 -26 
28 15 30 
-16 -13 -28 
14 5 -11 
13 10 4 
-6 -20 -13 
29 -10 -16 
-11 23 -21 
-23 26 2 
-24 10 -30 
6 -20 -24 
-7 -29 -8 
29 -15 -30 
28 -3 -10 
14 25 -22 
24 3 -12 
-28 20 18 
-1 -22 26 
-26 -5 7 
-13 1 -25 
-20 5 -14 
27 26 -18 
-2 20 -16 
-5 -12 4 
-21 -23 26 
12 -20 23 
-3 -9 4 
3 -14 -16 
2 28 21 
-26 13 9 
22 23 -25 
7 -3 4 
-2 1 -22 
-19 4 -23 
11 -16 29 
-25 27 24 
5 -8 19 
1 -4 -15 
26 25 27 
-26 23 14 
-13 -25 -14 
-9 27 -8 
24 -15 -16 
6 29 12 
22 12 10 
22 5 7 
15 -8 11 
-20 -24 26 
-22 1 3 
-16 -29 12 
-17 21 28 
27 -10 4 
19 30 -18 
14 -10 -27 
20 -5 -26 
25 24 -22 
10 -19 -30 
8 -15 -26 
-26 22 18 
-23 -15 29 
17 -24 1 
-30 8 -12 
-25 15 20 
12 11 -27 
-1 4 -10 
-13 6 -4 
-16 14 20 
-5 -16 13 
-15 19 -5 
-11 -7 -6 
29 -3 -9 
28 -24 19 
-12 20 19 
-21 23 12 
-18 -7 2 
27 17 -13 
-9 -30 -17 
-26 -2 -7 
-20 -12 4 
18 19 27 
-15 23 -25 
-6 -2 -15 
-25 -18 27 
-6 -7 -29 
-13 -24 -2 
19 -11 21 
29 21 -16 
21 -23 6 
2 -13 -15 
-7 14 -25 
-8 1 -9 
6 12 -28 
3 4 15 
4 14 -9 
-25 21 -28 
29 -4 -17 
-5 -17 -3 
28 -29 11 
30 -8 -23 
-5 -20 -27 
-8 2 -27 
-4 -3 17 
-5 -3 -23 
28 12 -24 
-22 -13 -5 
13 -9 -12 
11 -21 2 
12 -25 -6 
24 -4 27 
-11 -22 12 
5 23 -8 
-5 -7 -21 
-7 -25 26 
-7 -26 11 
17 -5 -25 
17 13 -15 
19 20 28 
30 -23 -13 
30 15 10 
13 14 16 
-29 -22 20 
28 -23 20 
-14 9 6 
21 11 25 
29 6 -21 
-9 -25 28 
28 21 7 
10 6 29 
29 24 14 
-1 12 5 
-13 -26 -14 
-17 -14 4 
-20 -25 30 
8 -10 -23 
3 28 2 
8 5 3 
-1 29 4 
25 -2 30 
-24 -18 -30 
-18 -10 -25 
8 5 -10 
1 -22 4 
-25 27 -24 
28 -11 21 
5 2 -25 
22 -30 -8 
19 11 -7 
19 12 29 
2 -11 13 
18 -2 15 
1 20 7 
-7 20 -19 
-20 -16 3 
21 9 27 
-30 2 26 
-27 -29 -16 
28 -16 30 
3 -21 6 
12 -4 2 
-8 20 -1 
6 11 29 
28 9 -30 
8 -13 11 
15 10 -28 
3 -9 29 
-13 -9 18 
10 -25 29 
28 -10 24 
-7 2 -1 
-6 -18 -30 
-6 -10 -16 
11 12 27 
25 11 -18 
20 10 -12 
-21 -13 -17 
14 30 21 
-23 -17 -27 
12 8 -15 
-1 28 -16 
-30 -11 -24 
2 -24 -21 
-2 -30 3 
-5 11 6 
-4 27 30 
19 -14 -3 
6 -16 7 
9 -6 -17 
4 -2 -1 
-16 -2 1 
3 19 -17 
7 10 28 
-27 -4 28 
6 7 -23 
8 -21 11 
24 6 1 
-29 -25 11 
-17 11 21 
-13 -7 20 
-5 -29 4 
-22 17 14 
27 10 3 
-30 -24 16 
-30 26 4 
-25 12 23 
-21 -8 -27 
5 -2 24 
-2 30 8 
-1 10 -7 
13 -19 23 
-13 11 -22 
12 9 17 
-24 -16 -2 
18 -1 15 
-25 9 14 
30 -22 -5 
-5 21 10 
-25 -23 -16 
-15 12 -25 
29 27 -7 
23 6 -9 
10 -8 13 
22 4 -11 
27 14 -15 
-5 10 -24 
-2 6 17 
3 6 -24 
18 -4 -30 
-25 30 15 
-22 -7 -6 
2 3 28 
4 20 12 
-25 -2 -13 
-2 -14 -19 
12 11 24 
-19 -2 21 
-2 11 13 
-21 23 -7 
-24 22 12 
22 -26 24 
-18 13 2 
14 -23 -6 
30 -15 -8 
4 1 -23 
29 -17 7 
17 15 -7 
19 -21 23 
11 6 -27 
-23 6 14 
20 -26 16 
28 12 19 
27 -16 -22 
-25 7 -27 
9 -8 -22 
18 -17 -12 
-21 1 -25 
14 8 15 
12 14 30 
13 11 14 
14 23 -26 
-8 -15 -24 
16 28 11 
-30 15 -4 
27 29 13 
20 29 27 
-3 -21 1 
-20 -21 25 
-9 8 -5 
-16 -22 27 
24 28 25 
11 -15 -8 
15 -22 -13 
-5 -9 1 
-30 -15 -11 
-25 13 -19 
-14 -3 -5 
14 4 29 
-7 -25 3 
-11 -10 -3 
-16 -24 22 
-27 -17 -9 
22 5 -30 
14 -3 8 
19 12 -2 
2 -15 -30 
-24 -12 -30 
19 20 11 
21 12 30 
-26 10 1 
23 -27 18 
-14 25 19 
-12 28 -15 
-8 -16 24 
-9 -4 -20 
-15 -3 -28 
-12 21 -25 
-30 -9 26 
30 -8 23 
-24 12 3 
13 -15 17 
14 5 2 
8 -1 28 
6 11 25 
16 -11 -25 
-2 -29 -10 
25 17 14 
6 12 -26 
-11 -14 -23 
17 11 12 
-8 -28 -11 
8 -26 14 
-8 -6 21 
18 24 23 
-30 -25 -15 
24 3 5 
-7 29 -20 
-24 -29 -4 
-20 13 5 
-29 11 -23 
-28 -11 27 
-20 16 28 
27 -23 -21 
-2 30 21 
4 -25 -20 
21 6 -1 
-3 -20 -15 
22 -12 1 
-2 -25 -30 
-26 -22 20 
21 -2 11 
-6 22 -15 
16 -2 -25 
-10 18 -15 
-24 -16 -27 
29 -9 -6 
5 -3 -17 
13 -23 -27 
6 26 25 
-4 10 13 
10 23 17 
-21 28 -12 
11 -15 -4 
9 17 14 
-14 13 29 
4 -24 27 
-30 -1 -27 
-22 14 29 
2 -16 4 
-4 -7 -21 
-19 4 -8 
12 -28 24 
-20 7 14 
-9 -29 19 
-21 22 -1 
-9 7 -26 
-17 6 22 
21 18 -13 
-6 14 15 
-14 9 -29 
-3 -7 10 
-29 4 -18 
25 -24 6 
-15 8 -25 
-19 -20 21 
-29 2 28 
-1 -2 -21 
28 -15 26 
-8 -18 -11 
20 9 -25 
-19 10 25 
-21 25 30 
23 20 -22 
-25 -9 -5 
14 30 4 
-1 -6 12 
-3 29 17 
-2 20 -14 
4 10 -19 
-3 -9 19 
-10 18 24 
20 -17 -24 
-8 -26 -10 
13 -15 -21 
8 13 25 
4 -20 -21 
29 7 -25 
21 23 -17 
-11 -17 2 
6 -4 17 
6 27 -14 
-13 28 7 
28 -7 -6 
28 13 -3 
-16 29 18 
-2 11 25 
-22 8 13 
-29 -12 -26 
-14 -4 18 
-12 14 -21 
22 1 14 
7 -15 13 
29 28 -7 
20 -14 -30 
-27 15 11 
2 -29 7 
-7 -9 -22 
21 -15 -7 
3 -8 5 
-7 -11 -19 
-4 13 -18 
17 7 6 
-27 21 19 
11 5 7 
-15 -30 19 
29 1 27 
6 -15 21 
-2 14 22 
-29 9 18 
-24 -30 26 
-7 4 -6 
30 15 28 
-2 23 -6 
-23 27 -12 
13 -15 28 
-5 10 13 
24 -16 14 
-25 -7 9 
-26 24 28 
-18 -16 9 
8 2 14 
-1 -29 12 
-4 -30 29 
-19 -26 -25 
24 -10 6 
15 28 1 
-1 14 -20 
-4 8 -26 
-26 -5 -10 
-28 -29 -5 
-6 -18 -21 
-30 13 11 
10 -4 -19 
-16 -13 4 
5 23 26 
4 9 -21 
-28 -16 -9 
-30 -24 -17 
-5 -14 -21 
17 28 26 
5 15 22 
10 29 -11 
-7 28 13 
-7 17 18 
11 22 13 
9 18 24 
25 -2 24 
16 -28 -21 
-18 -9 -13 
-1 18 -7 
18 -21 -24 
26 19 8 
-13 -29 8 
-17 4 26 
16 4 -18 
-8 17 -18 
-11 14 -4 
-17 9 10 
5 -21 22 
-16 -1 -20 
-18 -15 6 
17 22 10 
-14 7 -30 
-17 -27 2 
28 26 14 
-17 -23 7 
-23 -17 24 
-25 -3 -30 
24 19 -20 
-21 13 17 
-11 5 -19 
20 12 21 
10 30 25 
-26 -6 -25 
-6 20 -8 
25 6 -9 
-25 7 1 
28 -16 25 
-23 18 2 
-23 17 -13 
-2 -13 -23 
-24 6 11 
11 10 -27 
-10 2 -3 
14 -12 -19 
9 -1 6 
6 8 3 
6 -5 -12 
-21 -24 16 
24 -26 8 
1 13 -27 
-15 -22 14 
28 19 -18 
-4 10 1 
-6 27 -25 
-29 11 12 
-17 10 -28 
-28 29 24 
-12 -10 4 
26 -13 -2 
-18 14 12 
18 -7 27 
-12 -15 -25 
29 28 12 
17 -3 21 
25 19 17 
10 9 3 
27 18 3 
11 -7 -16 
-29 14 23 
-29 3 -15 
-10 18 -26 
-3 26 5 
1 -6 -16 
10 24 -14 
-1 10 9 
-26 -23 2 
12 -26 -6 
18 10 29 
-21 -10 -27 
-1 -8 4 
7 30 -29 
27 21 15 
22 -23 -30 
6 12 -16 
21 -13 -8 
4 20 -2 
19 21 -15 
30 6 -15 
9 -17 13 
-12 22 -2 
22 11 -13 
-3 5 -12 
-21 -16 -1 
4 24 -1 
-10 6 12 
12 7 -16 
5 28 27 
29 6 15 
-18 -17 24 
22 -8 -21 
-14 -16 28 
-19 10 26 
-24 23 5 
-2 1 22 
29 -15 18 
-10 -21 17 
18 24 20 
-17 23 11 
-23 -5 8 
2 24 22 
-25 -3 7 
-18 13 27 
9 -3 27 
30 -9 -19 
9 -26 19 
-5 17 10 
-21 2 26 
-18 -30 -7 
-29 -4 -17 
-6 -3 15 
-21 -4 27 
-2 -24 8 
10 16 -30 
14 -10 4 
21 1 17 
24 26 -27 
2 -3 23 
-24 -5 -26 
25 26 -21 
-4 1 -11 
1 -6 8 
-18 -19 10 
-9 -18 26 
-2 -24 9 
2 -3 -29 
-22 8 23 
-29 1 -15 
-8 3 29 
4 -27 -2 
-26 -9 24 
-5 17 18 
-26 -29 9 
19 4 24 
-6 -27 -15 
16 -26 -7 
15 12 -13 
17 -3 -27 
26 9 -22 
-23 -2 30 
-20 -26 28 
-10 -29 22 
15 -19 -22 
5 -18 -6 
5 17 -24 
-21 15 1 
-25 -13 -1 
-7 -11 14 
12 -10 -8 
-21 5 8 
25 17 -22 
-29 21 23 
-16 22 7 
19 -17 -13 
-15 -27 14 
-29 -18 7 
29 -17 26 
11 10 -9 
13 -18 -14 
30 -5 18 
-9 26 14 
-6 -3 -1 
26 -29 -7 
-6 18 -20 
1 26 -13 
-4 -30 -18 
7 27 17 
-5 6 -24 
7 -16 26 
26 -3 -5 
-22 -28 -30 
-26 20 11 
-25 -14 -20 
30 19 -10 
-24 12 -10 
-5 -30 12 
29 -17 14 
-28 1 22 
25 -29 -7 
-29 20 -11 
-20 -1 -9 
4 30 -27 
-21 -13 12 
15 5 -8 
-4 12 -28 
10 -11 26 
-16 -13 7 
-19 -2 -11 
21 -26 -19 
-20 6 9 
-17 27 -7 
1 -20 7 
-24 22 -15 
11 14 -10 
15 -21 -3 
18 14 -25 
-20 22 -23 
-30 -14 -16 
21 -28 -16 
27 -13 9 
-10 -17 3 
5 24 9 
26 -22 2 
27 -26 -22 
-15 6 19 
-3 17 -8 
1 -22 27 
19 8 25 
16 -26 -7 
-8 19 -21 
14 -5 -6 
-5 4 20 
15 5 -30 
-20 -3 -22 
-29 24 20 
24 -12 -22 
2 -22 -16 
10 3 20 
-2 -6 5 
20 -17 27 
-14 9 -3 
26 25 -7 
-16 2 -29 
-21 8 16 
-11 -23 -25 
-10 -3 4 
-7 -6 -27 
-5 -7 -21 
5 -24 4 
-21 2 -24 
15 19 -18 
-8 -24 18 
-3 7 22 
26 -4 11 
-17 4 -28 
-26 -15 -1 
11 -21 30 
21 -2 27 
17 15 -16 
-21 -11 28 
-23 -15 -19 
-26 11 20 
-8 -2 29 
15 5 23 
19 -25 -27 
7 -25 2 
-22 -30 -7 
-26 2 -11 
-9 -5 -25 
-16 -11 12 
5 -21 7 
13 -18 29 
-18 -12 -7 
-21 10 -9 
-9 14 5 
-11 6 -24 
11 -5 -10 
8 -20 -27 
-7 -20 -4 
16 -1 -23 
-22 -7 28 
-7 1 -27 
9 25 11 
-20 4 -24 
-11 -6 -9 
-23 -5 1 
-28 6 15 
28 29 14 
4 -6 23 
27 8 -16 
12 11 15 
-22 2 12 
-12 -8 -13 
12 7 16 
13 21 25 
-29 19 -15 
-25 24 22 
-9 -24 -12 
10 -12 9 
-9 19 -25 
-22 24 7 
-11 -17 -15 
-4 -21 5 
-18 24 -6 
-10 -14 13 
8 22 19 
-11 -2 7 
26 11 -29 
-10 26 -29 
22 20 -26 
12 -4 2 
-25 -30 24 
-20 28 24 
21 -9 -15 
6 -23 -15 
-22 -3 -14 
-18 29 4 
22 15 -2 
8 24 -7 
-2 -26 18 
-26 2 5 
-18 -22 6 
24 -17 26 
-7 -17 16 
-3 6 -5 
14 10 24 
28 16 -24 
-29 -18 -7 
-7 -30 4 
15 -26 -2 
26 12 -17 
-22 23 -21 
-18 -3 -15 
-14 12 19 
1 -11 2 
27 -2 4 
19 10 -5 
7 -6 -25 
-10 13 -7 
16 -29 15 
-23 -30 -28 
-10 -20 5 
12 -9 25 
6 -5 27 
23 -17 20 
12 28 2 
-8 4 3 
-13 -17 -10 
-5 -26 22 
11 -16 1 
-10 -30 -16 
10 -22 6 
8 -20 22 
-24 21 11 
5 -21 20 
-14 25 24 
-18 -2 17 
2 -29 -24 
21 5 14 
25 -26 -17 
14 28 6 
-30 28 26 
-26 30 -7 
-5 -29 -30 
27 -26 16 
30 6 14 
-14 5 6 
9 -10 19 
19 21 22 
25 26 27 
-28 27 2 
-30 25 -8 
-29 4 -6 
-15 -4 18 
-22 5 -2 
-2 4 30 
12 -3 8 
-27 -29 2 
2 29 18 
7 26 -17 
15 -6 24 
18 -7 -16 
-5 -7 12 
28 14 -27 
7 -21 29 
-15 8 28 
-15 3 -28 
12 25 -16 
25 28 19 
20 -21 -27 
-23 5 -18 
23 -9 2 
-19 -26 7 
-28 29 -2 
18 11 6 
-25 10 28 
15 -19 13 
-1 4 7 
-26 24 8 
-14 11 5 
11 -27 21 
-15 8 30 
-4 -12 -7 
-29 1 14 
3 7 -23 
9 -8 24 
-23 -3 -17 
-30 17 -14 
28 -29 -4 
-21 14 -5 
23 11 -3 
11 -24 -2 
8 -28 -16 
-12 -6 27 
11 8 1 
22 -17 12 
3 13 4 
-25 15 7 
-15 -25 -9 
17 9 -22 
-28 -26 -23 
-9 -13 28 
9 -26 -2 
25 24 9 
10 9 -8 
28 11 23 
-12 -9 -11 
28 -1 25 
-9 -26 -20 
14 1 20 
-4 -2 26 
15 -22 19 
14 25 17 
-18 13 -28 
10 -4 -20 
11 8 22 
-21 -25 -24 
-22 -30 -5 
-8 28 -13 
-7 -9 21 
6 -26 24 
-23 18 -24 
-16 -14 -2 
-8 5 -30 
10 -19 24 
12 26 -24 
-29 -5 2 
21 25 -30 
-21 3 -28 
12 -5 29 
-17 2 19 
5 -19 -7 
-16 11 -7 
5 -22 28 
30 8 -20 
12 -19 3 
17 -30 28 
1 27 21 
28 -5 -7 
28 -19 10 
-1 6 -9 
19 -9 -23 
-12 28 -1 
-14 18 10 
-15 5 -9 
-25 -1 -30 
19 24 -27 
27 23 -30 
2 -25 -14 
-24 27 -2 
-7 22 28 
-15 22 21 
-18 1 -19 
-24 -19 -26 
21 -7 1 
25 13 10 
13 -6 -25 
1 27 9 
8 16 14 
16 2 18 
-28 15 -9 
-16 -2 19 
5 10 12 
-23 10 -20 
4 30 20 
15 30 -29 
29 14 9 
30 -15 3 
16 -11 12 
9 -19 28 
-5 -3 -16 
16 15 -30 
24 -26 12 
-8 3 2 
-20 9 -4 
13 -28 -15 
-24 -2 -9 
-18 -22 -8 
13 -25 -6 
-22 26 14 
-11 12 -27 
18 23 -22 
-8 -13 2 
1 -24 -4 
10 2 -13 
15 14 -17 
-9 27 -3 
-14 29 6 
3 -18 10 
-19 14 -30 
9 -24 4 
13 -5 -24 
-12 -1 -3 
24 -18 26 
17 24 -4 
11 -28 21 
-29 -9 -21 
-25 -29 -24 
-28 12 13 
-25 18 -22 
-23 24 -12 
-8 22 5 
25 -6 -2 
17 10 27 
-11 5 -30 
2 -27 -16 
29 13 2 
5 16 28 
13 8 -25 
-7 -14 -8 
14 -16 -30 
12 -3 22 
28 -13 -1 
28 -15 -13 
-5 -18 -20 
5 -15 4 
9 -30 27 
-1 9 -3 
-9 -1 15 
-15 19 -27 
-18 5 -3 
19 6 13 
-9 16 20 
-26 -18 -6 
10 18 -19 
-6 15 4 
-6 -15 9 
5 -9 15 
-2 17 -29 
14 -16 24 
-24 6 19 
-28 9 12 
17 3 -15 
19 -20 4 
-20 9 -15 
20 -17 26 
11 -6 -5 
2 -4 13 
14 13 3 
5 7 -2 
-11 -25 5 
24 19 -21 
16 -26 30 
2 -26 -8 
14 22 -17 
-6 -25 -19 
1 -20 2 
-18 -30 4 
-3 -15 4 
-21 10 -25 
25 5 24 
27 13 2 
7 -17 21 
-3 2 -15 
11 14 -5 
-18 -29 17 
-11 10 -4 
10 -5 -29 
30 26 24 
16 13 -28 
20 -8 -5 
22 -19 -25 
-17 21 -16 
-21 -6 -11 
4 25 26 
-6 24 -5 
24 4 -8 
-2 25 22 
30 -25 29 
3 9 -30 
-1 -25 -15 
-17 -12 6 
8 -7 -20 
-25 -17 -21 
-5 25 -16 
-26 -7 -24 
-28 27 -1 
10 12 -6 
-4 -23 22 
15 -13 27 
-15 2 -5 
-22 15 -9 
18 -17 -24 
11 13 -23 
7 -14 19 
-21 30 20 
-18 -24 13 
25 19 24 
5 18 -23 
7 -3 27 
24 9 -30 
24 -21 -7 
6 -22 -13 
-3 27 2 
-2 1 12 
-21 16 -18 
30 13 -2 
10 17 -3 
9 -30 1 
-21 8 -10 
27 -14 -2 
-11 9 -29 
16 -26 -3 
6 26 -2 
-7 10 23 
-11 6 12 
-26 22 -23 
26 27 3 
-27 19 -5 
6 22 17 
-23 7 3 
-21 13 -25 
-24 -23 5 
19 -12 -1 
-6 20 -30 
18 -3 15 
6 -19 14 
-18 5 1 
-13 -2 -27 
16 26 -23 
-5 -21 30 
-4 25 -16 
17 5 20 
-15 -13 -21 
-22 -14 -4 
27 18 28 
23 -21 -28 
10 -2 29 
26 -3 11 
-20 18 26 
-3 20 17 
8 21 -3 
-3 22 -21 
27 7 13 
13 11 -9 
-1 -25 18 
10 16 4 
13 -20 -26 
2 -18 10 
27 -17 23 
14 2 17 
17 28 -3 
-2 -8 -7 
-11 -15 -6 
-15 -13 -3 
5 30 1 
12 -5 28 
6 -25 12 
24 -29 -30 
-25 12 -28 
-23 -17 -2 
25 -18 -17 
4 -10 -5 
20 24 5 
-21 29 9 
16 -22 -28 
-3 -28 -2 
-10 -23 12 
14 6 29 
16 -7 4 
-18 -20 10 
6 -10 -23 
-2 -16 -22 
-20 -22 29 
29 -9 -23 
-6 1 7 
8 -2 -27 
-21 6 -5 
2 14 -3 
13 29 2 
-8 -25 -9 
-4 13 -24 
-23 29 6 
14 -16 3 
15 -21 -2 
-26 19 -2 
-4 -27 -3 
-27 -12 -15 
-22 17 -9 
15 -9 26 
3 18 20 
17 -21 10 
-1 3 -21 
-9 4 10 
19 5 -8 
21 17 28 
-3 -1 9 
-7 13 -20 
-3 11 29 
4 -13 -16 
-1 -7 -17 
24 -3 -13 
-27 14 3 
-2 -23 27 
-23 6 30 
12 -4 -30 
29 1 -5 
-1 13 7 
25 20 -30 
27 -7 -11 
15 6 -20 
-30 -15 25 
7 -9 -15 
-23 25 22 
1 -15 24 
-30 13 25 
-14 12 5 
24 -4 13 
2 17 12 
7 -22 -16 
-20 16 -9 
14 -18 4 
14 -17 -12 
20 26 -3 
-1 21 10 
6 -13 -11 
12 -2 -19 
-1 2 14 
10 -6 13 
-2 17 -10 
9 19 -27 
1 -14 19 
4 -13 -21 
-8 7 -2 
19 11 6 
27 -16 -30 
-16 14 28 
-21 -26 29 
-13 -24 -21 
-29 28 -6 
23 22 24 
-17 30 6 
9 -10 -3 
3 -18 24 
20 7 -22 
-25 13 -21 
-19 -17 14 
-8 18 -5 
26 -11 -7 
-27 -29 -2 
8 5 -19 
-21 -18 -9 
5 -2 -27 
-11 -8 28 
11 -29 15 
13 11 10 
19 26 22 
18 -12 -25 
-24 17 -16 
22 6 -16 
9 -16 -28 
-27 -23 10 
5 27 -15 
-26 24 -25 
18 -17 1 
10 14 -13 
-20 17 2 
7 -24 -23 
-29 -17 -2 
20 -17 30 
9 27 3 
-2 -17 -15 
-25 -27 21 
-22 18 -1 
-27 -23 5 
-25 -13 29 
-2 -24 11 
-16 -17 8 
-20 -13 -6 
-24 16 27 
20 -24 1 
-11 12 -15 
16 -8 3 
12 -21 18 
-23 -4 20 
30 -23 25 
5 1 -21 
-23 11 16 
21 30 -17 
10 23 29 
-2 12 -13 
16 19 -2 
-10 7 -9 
-17 -24 -6 
12 23 -13 
8 -25 -1 
19 -11 -12 
11 -4 26 
-15 16 -8 
6 4 5 
10 20 -23 
7 -20 -19 
-6 4 -3 
-28 6 3 
-4 -16 28 
9 -20 14 
-29 -12 -17 
-21 24 25 
27 -26 9 
-19 -21 9 
-22 30 12 
-27 7 6 
-22 2 -8 
16 -20 22 
-25 -27 22 
1 23 7 
19 22 26 
-15 -29 4 
27 -3 18 
-9 -26 -16 
28 9 -5 
-23 22 27 
7 5 27 
-19 8 14 
28 9 -24 
1 -20 17 
-15 -29 8 
-27 13 -29 
-2 23 28 
-20 13 24 
8 -16 -6 
-15 25 -23 
7 -15 -12 
-30 -28 -19 
24 -7 17 
3 -6 -15 
-17 -3 16 
-30 -7 -14 
26 -5 19 
15 24 -30 
12 -8 -2 
-19 -27 -3 
-2 -19 -29 
1 7 -2 
26 16 -9 
26 -23 9 
-24 2 -21 
-18 -26 25 
15 -12 -17 
27 30 -19 
-7 5 -21 
28 12 -2 
-13 27 -14 
-13 11 23 
-26 -20 10 
-20 -25 9 
-6 -17 24 
16 -30 -22 
24 15 11 
22 -17 -21 
-6 4 -3 
9 -3 -12 
-15 -17 14 
-29 -15 -17 
-10 28 -8 
5 30 15 
-9 21 25 
14 -5 -2 
23 5 25 
-22 15 -28 
-17 -8 -11 
4 30 6 
19 29 -21 
5 -16 -11 
28 14 -12 
5 -18 -1 
-8 -16 -10 
-3 -30 10 
6 -3 14 
3 -22 25 
-5 -9 -23 
-1 13 -18 
23 -1 -8 
-7 15 -26 
27 -3 -2 
-4 -7 14 
25 -28 18 
-24 6 10 
-14 -21 15 
18 -8 7 
9 18 25 
14 8 -10 
21 -27 -26 
22 -9 -26 
-6 9 13 
15 6 -29 
-8 28 6 
-22 3 14 
-16 -7 29 
-5 -30 2 
11 4 -29 
8 18 26 
11 -21 3 
-22 6 -23 
-20 -27 25 
-27 15 28 
21 14 9 
20 3 28 
2 -22 -3 
27 -24 -11 
-10 2 18 
-18 10 -13 
-18 28 -11 
-10 -21 19 
-3 24 -14 
29 -10 -9 
30 -16 -17 
21 -6 -30 
15 -3 25 
28 25 13 
-8 -30 -11 
-5 -3 -20 
9 1 23 
19 -16 18 
22 -3 -9 
8 -24 18 
-2 18 23 
26 18 16 
18 13 -2 
13 27 12 
29 28 -26 
24 11 -5 
-5 -19 1 
-26 29 -25 
26 -9 -13 
6 -8 21 
-21 -26 -10 
-5 -30 -27 
4 18 14 
-18 29 -23 
-28 -15 8 
-26 11 -8 
-25 11 -14 
23 -18 -2 
6 -3 -1 
11 -20 19 
-25 26 -30 
-17 -13 5 
-18 28 -2 
15 6 5 
-10 -21 6 
6 29 19 
-25 20 11 
-2 -26 -19 
20 -15 -18 
23 -16 9 
-5 -18 14 
-17 2 -12 
-26 -4 13 
23 27 -5 
12 -23 -14 
-22 8 -11 
14 -6 -15 
-12 4 1 
16 -25 -18 
-5 23 -15 
-10 6 -24 
28 23 -13 
26 17 -15 
28 -16 -18 
-3 -1 -28 
-12 3 18 
-1 5 29 
11 9 21 
-8 23 30 
-23 -1 -30 
-27 28 16 
19 15 -18 
-15 -7 -18 
7 17 -8 
24 -26 17 
-27 19 23 
20 24 1 
-17 -19 -18 
7 13 -15 
-16 -12 -19 
22 -11 -16 
25 27 -22 
-15 30 14 
-11 -23 20 
19 16 -22 
7 -24 27 
5 -14 -1 
18 -20 27 
-1 5 18 
18 -10 -3 
-10 -27 -22 
1 -2 -29 
16 -29 -17 
21 -23 29 
27 4 24 
16 -9 -26 
-13 18 5 
-2 28 -4 
13 -20 -12 
22 20 27 
16 -25 -27 
19 18 -10 
9 -14 1 
22 16 11 
-21 -6 13 
-19 -21 26 
13 -19 -22 
-3 27 -14 
-17 -2 -13 
22 -17 -12 
12 -15 30 
-1 14 3 
21 -19 -23 
-13 24 15 
-25 10 -6 
10 5 -6 
26 13 4 
14 13 25 
30 -9 -6 
25 -27 1 
-8 -11 1 
-17 -7 -14 
-9 -6 8 
-26 -14 -24 
10 18 30 
-9 -6 11 
-15 20 17 
20 14 8 
14 -26 9 
-13 24 -28 
27 8 7 
8 2 -23 
-26 21 18 
18 28 17 
-16 -17 -1 
-4 -21 -26 
-11 14 12 
-21 -7 8 
19 -28 21 
-26 2 -28 
-23 10 1 
-21 13 -8 
-2 20 -4 
-28 -15 18 
23 -9 -26 
26 -7 6 
3 -23 12 
-20 9 1 
-9 29 28 
11 -1 -14 
-22 -15 -17 
-7 21 -17 
28 -23 24 
6 -25 -10 
-29 16 4 
24 3 -9 
2 15 10 
11 26 -15 
30 29 27 
17 -9 2 
11 28 -17 
-11 -21 -30 
5 -28 -24 
11 -17 9 
-6 12 -24 
20 -16 7 
-17 3 -23 
-9 12 -15 
23 14 2 
18 19 7 
-18 -21 28 
29 -17 3 
-7 -15 -3 
-29 -8 10 
-21 -18 30 
2 24 -18 
-1 -18 -26 
11 4 -19 
-7 16 -28 
-14 15 12 
27 5 -13 
11 -18 -9 
13 -16 -20 
-2 19 11 
-16 -6 -25 
28 -26 17 
-25 24 12 
7 -15 6 
-22 28 24 
-11 -6 10 
-29 -23 19 
30 -8 22 
27 -18 29 
-2 20 -29 
-29 10 24 
1 3 -8 
12 -26 -6 
3 9 27 
29 18 -25 
-4 16 18 
15 28 -27 
-1 18 -9 
-19 14 25 
-4 13 -19 
18 21 1 
10 12 -17 
14 -5 -16 
8 -26 -3 
-6 27 -13 
-15 14 8 
18 3 14 
28 11 30 
11 7 -18 
-4 27 7 
-18 -21 -20 
20 4 -23 
-3 -20 -23 
26 -23 11 
25 29 11 
-27 -7 -30 
12 -19 -1 
13 1 12 
7 5 21 
20 25 5 
26 24 -21 
-2 3 -22 
-3 -21 -28 
29 6 -14 
2 -10 -20 
7 -12 -21 
-20 13 -6 
-4 26 -21 
-26 2 -18 
11 -5 26 
12 -1 20 
-27 10 -9 
14 -15 1 
-17 -28 12 
-17 -29 15 
21 3 -7 
-2 11 5 
-16 -29 -6 
-13 21 28 
-23 2 29