# instance by G2
# solution = 0010110010000010000000011000110011000110101100111001100000111111101011111010101101100011001100010111
# solved:    0010110010000010000000011000110011000110101100111001100000111111101011111010101101100011001100010111
# This took my program 1 minute, 1.86 seconds on my 2.66GHz Mac Pro.
100 2000 3
73 63 79 
-40 -52 -44 
70 -56 -29 
59 -80 32 
33 30 97 
-7 -33 -77 
-31 -6 -38 
-32 -74 -55 
-98 -64 -42 
-57 60 10 
-98 70 16 
-56 -7 93 
-85 47 -16 
-64 -60 33 
-15 -75 72 
74 5 -72 
-11 44 -37 
15 -97 98 
-55 -4 14 
42 91 31 
30 25 96 
-81 -9 20 
27 -29 70 
60 88 1 
29 -74 -66 
46 99 -76 
-51 -82 -100 
-54 48 78 
92 -4 77 
72 -77 -91 
-63 68 49 
-25 49 -33 
-6 -36 51 
12 -89 67 
96 17 9 
61 -4 -17 
-19 86 36 
23 -4 -59 
10 81 -55 
-56 93 50 
95 -8 -70 
79 -90 68 
-50 73 -54 
-77 28 -37 
68 -60 79 
-49 46 -68 
-19 22 17 
-100 73 -48 
-18 -4 -90 
90 -79 -19 
-13 77 -20 
100 44 -5 
47 14 -28 
77 -91 55 
-68 -97 63 
-66 -17 -69 
56 63 30 
-59 -4 -9 
17 34 93 
-9 -53 33 
20 71 -34 
-76 99 69 
8 42 72 
80 83 58 
-86 17 1 
-94 -95 39 
-89 -23 40 
-36 18 -60 
12 58 -66 
57 -64 15 
62 -86 100 
60 12 -98 
100 69 86 
92 2 -83 
7 72 -53 
-97 35 -92 
34 44 79 
-6 -20 97 
-22 91 88 
55 76 -74 
-45 -74 30 
-11 -49 -47 
-53 -69 96 
-40 92 35 
-75 -76 90 
49 91 -76 
-63 -55 69 
99 66 21 
61 56 -83 
-43 47 6 
-52 60 -72 
24 -10 -35 
74 -1 -62 
-74 44 93 
9 -51 46 
82 79 59 
-23 -31 96 
-22 32 -30 
-74 21 -23 
32 90 -54 
-12 -36 -87 
-54 56 -72 
-72 70 -62 
-19 -50 -38 
63 59 7 
-47 45 -16 
30 -72 -71 
91 -50 -34 
-100 68 -8 
-16 -92 33 
-35 24 19 
59 -52 -94 
92 -32 79 
-95 -5 -55 
-11 -3 19 
-26 -30 5 
-52 -12 -61 
33 -15 85 
7 16 83 
-46 24 58 
80 34 -91 
100 -1 -19 
91 -45 64 
-88 -40 -90 
98 -92 90 
-77 81 48 
-14 -43 54 
49 -2 -6 
-54 -74 -11 
-68 13 -58 
5 -65 91 
-50 71 49 
78 -90 -86 
-95 -99 78 
61 -60 31 
68 61 -78 
6 52 -12 
46 13 -86 
51 -98 -35 
40 -7 -91 
-25 -85 -52 
-74 34 42 
-68 15 -86 
28 12 -89 
-69 4 -12 
-42 -45 80 
22 -35 -65 
83 -51 34 
58 -80 -17 
-14 -92 48 
21 -84 -57 
-22 16 21 
80 -67 -92 
-28 97 93 
50 37 6 
-45 96 -60 
19 40 -37 
-27 93 58 
57 59 91 
-63 38 -67 
25 8 -57 
-61 -89 -48 
-90 -12 33 
40 16 -1 
-37 45 71 
91 -43 -9 
44 -36 -45 
-24 -8 -57 
49 -99 -13 
-97 66 -38 
-91 -22 53 
-37 -61 -94 
86 -31 17 
54 -1 75 
-7 -28 54 
1 -17 2 
56 63 -29 
22 77 1 
-33 -38 -16 
15 85 -37 
34 19 -6 
84 10 77 
-94 -63 -71 
99 -56 46 
-48 16 79 
62 -55 -16 
22 50 91 
-4 86 -23 
-75 72 79 
27 -32 -74 
-70 17 -95 
72 39 -19 
92 80 71 
98 -15 86 
72 -99 55 
99 -90 12 
-21 75 1 
46 -42 -60 
-42 1 -49 
50 -22 -23 
2 -29 75 
98 89 -67 
14 25 -71 
-28 -61 -29 
-97 69 -74 
-80 -73 52 
-20 74 98 
20 -11 18 
55 -1 94 
-24 -45 -82 
34 40 -63 
-64 -66 54 
-63 46 15 
-66 -4 98 
4 71 -40 
-13 -100 -9 
13 -49 69 
-8 52 96 
46 41 1 
-38 -29 -10 
20 -16 -99 
-68 84 -89 
-69 -55 -27 
29 66 38 
-49 -2 -89 
76 -38 30 
22 84 62 
51 -82 -4 
1 -7 -53 
62 16 -41 
-74 6 85 
-54 -24 -100 
87 -43 71 
-27 -9 33 
32 100 91 
-83 -48 -12 
-82 -95 44 
63 29 18 
-1 -14 -30 
-97 -53 -86 
-76 8 78 
-1 -12 77 
46 29 -70 
-6 36 -50 
-89 -64 -95 
-65 -3 -12 
98 6 4 
-37 15 12 
98 -9 -75 
19 77 -96 
-32 49 -89 
37 -13 35 
-64 -32 39 
59 -58 36 
-75 -47 41 
-18 2 -61 
-26 -78 -15 
88 25 -14 
-56 79 96 
9 -44 -54 
-3 51 -12 
-63 38 -2 
20 -93 7 
-30 -95 -54 
3 46 33 
43 100 3 
-91 -74 -88 
63 100 50 
15 -86 -75 
87 64 47 
-37 -69 -66 
29 53 28 
25 -2 81 
-100 65 91 
41 -87 -16 
30 -39 51 
7 -97 -32 
69 44 47 
-42 43 39 
-30 85 33 
32 64 -18 
9 46 -10 
93 -5 60 
-12 -47 9 
21 -13 -6 
52 -83 94 
50 -66 -62 
-43 52 -50 
98 57 -44 
71 96 -6 
-31 9 23 
12 -25 69 
32 -52 59 
90 5 -34 
-74 -34 44 
33 91 58 
84 100 -33 
-70 -58 18 
19 -24 29 
91 81 -11 
70 27 84 
-3 -27 34 
36 65 31 
-4 -69 -29 
-85 53 5 
-37 -16 30 
-45 -32 10 
4 -27 11 
-43 -1 -18 
70 -44 -94 
-98 100 72 
71 -94 -64 
-50 6 -88 
-81 -77 -98 
48 31 -83 
67 -7 75 
-45 59 75 
-14 74 -82 
91 -69 67 
81 -13 -35 
-14 -25 95 
8 33 -86 
-47 100 -70 
-11 12 -44 
5 -46 -25 
-21 -85 -53 
-73 -57 50 
-76 92 19 
71 5 -64 
51 7 -45 
5 -83 26 
30 -5 -65 
11 -41 100 
-73 -56 -97 
40 -19 30 
77 -91 42 
-36 74 35 
36 5 -37 
-40 77 -57 
-38 -57 10 
-12 19 13 
-43 -76 13 
-59 -8 90 
42 22 92 
-14 86 -91 
-67 95 82 
-20 -83 60 
82 54 31 
-74 -67 -99 
-2 99 19 
-67 57 38 
23 -29 -13 
-81 17 -72 
14 88 42 
-21 -62 100 
-71 -12 -21 
24 30 -66 
-85 41 89 
-56 -14 55 
-74 94 -84 
-37 -54 19 
-39 -90 -82 
-17 23 93 
38 -33 -23 
-38 -10 42 
90 87 -79 
69 76 7 
-59 -26 91 
-77 -39 -89 
14 7 52 
-95 34 -37 
-32 8 -61 
-38 25 28 
26 -50 68 
-81 -82 -86 
-39 65 -63 
-23 -28 -10 
35 52 54 
87 -75 54 
-70 30 -89 
98 62 -24 
-56 85 97 
76 54 -97 
-11 78 -68 
5 43 91 
-30 -18 83 
-56 -72 -91 
-91 53 -75 
38 -27 14 
-45 2 -24 
46 -69 100 
-82 -2 -57 
-57 67 -59 
-35 39 77 
-75 72 74 
6 -60 -86 
71 -7 50 
-9 -15 -68 
-49 2 -86 
-83 19 47 
-22 -42 -16 
4 -2 60 
64 -13 100 
5 49 -54 
-31 -36 70 
76 27 -97 
97 82 -62 
-94 10 52 
-11 37 -69 
-47 85 15 
-7 87 -4 
29 95 46 
7 -22 -94 
78 -58 -75 
-95 29 13 
-48 84 70 
52 55 72 
43 -6 -42 
3 18 -37 
33 -76 -81 
-96 99 85 
-16 65 -62 
-17 50 -48 
48 -43 33 
-93 -72 98 
-29 -94 31 
-1 -69 62 
32 48 -34 
51 92 -52 
73 -32 -45 
-21 -29 -85 
-41 -16 -51 
15 39 -70 
85 67 4 
-22 -34 -40 
56 -30 -66 
64 -95 26 
-94 27 47 
53 83 41 
46 -99 -84 
49 -8 -73 
-71 24 56 
96 22 9 
81 79 70 
24 -12 85 
-5 82 40 
-72 98 88 
87 -54 73 
73 65 64 
-48 15 44 
29 -46 -8 
-60 -81 68 
-11 -92 -64 
-41 -66 -43 
-44 62 27 
61 -36 -41 
-25 96 -31 
89 19 65 
6 -51 -77 
91 6 20 
-40 -1 7 
39 84 -23 
21 -48 79 
-42 65 -100 
96 53 -45 
54 -29 83 
-27 12 48 
91 -11 -97 
-38 39 5 
-81 59 75 
3 95 26 
65 88 84 
85 -8 36 
50 60 -81 
-16 57 49 
-14 25 68 
-75 40 -78 
-76 -6 40 
63 -79 -43 
51 29 85 
-15 -19 -55 
-22 -80 -64 
-56 -37 100 
-58 -55 1 
90 -73 -4 
100 -80 95 
-76 67 41 
83 98 26 
-84 -49 3 
20 -2 -51 
-51 39 86 
-74 5 44 
26 -79 -36 
-63 12 -7 
-94 84 89 
-5 22 3 
79 -78 -42 
91 42 46 
-12 -48 85 
9 -86 -25 
-100 -39 73 
-41 100 -6 
17 49 -96 
-70 -92 -84 
67 -16 -64 
-32 -97 8 
-4 21 73 
-91 -12 37 
-89 67 64 
-34 -39 100 
-54 -22 -86 
-40 -73 74 
50 13 80 
65 54 -80 
34 -93 -73 
-30 40 -21 
-49 -95 5 
22 -10 -80 
23 60 -74 
-61 74 -11 
39 -29 -43 
-5 68 92 
70 -44 -86 
-21 -2 -39 
-79 49 29 
31 70 76 
-91 70 87 
-12 -49 -88 
1 -74 -88 
-59 -39 -55 
85 41 -91 
-31 69 15 
-7 96 79 
-82 -20 -50 
-27 -82 -61 
43 -45 29 
8 -2 35 
-20 -98 53 
-19 17 48 
67 -98 48 
87 89 68 
-43 -62 38 
15 -21 91 
-83 70 7 
-58 -32 -83 
98 -70 -44 
51 -92 -17 
-1 -74 85 
-48 -72 98 
-43 35 -36 
26 7 29 
-61 4 62 
-8 96 -84 
57 55 -11 
-62 -51 -68 
-46 -61 52 
-54 83 -98 
49 57 -85 
14 23 -84 
-88 7 -35 
-32 47 71 
-30 -53 -19 
-71 -36 -89 
71 -6 -56 
54 90 -8 
-82 99 -7 
-73 -28 -47 
69 30 -78 
-5 -17 -58 
-55 97 23 
73 95 39 
-31 -46 58 
-7 89 -3 
-55 95 -13 
11 -5 47 
-28 -65 39 
-77 54 -20 
-75 -31 -36 
-46 7 -54 
-67 13 5 
-82 -12 -6 
-13 -27 -18 
16 22 -68 
-13 -88 -63 
40 -7 71 
-59 -69 -27 
-61 -30 -90 
70 9 46 
5 -11 -44 
58 36 82 
27 -66 -35 
-84 24 -60 
-92 -32 7 
50 95 41 
18 60 -94 
-84 97 93 
-28 -55 -81 
80 -11 27 
-2 -7 -73 
-29 16 -26 
21 -58 -44 
-15 41 67 
-27 85 38 
-91 -12 -17 
-69 72 90 
-23 -2 72 
12 71 -94 
-58 82 -29 
57 -83 30 
7 -57 -24 
-73 66 -21 
61 -30 -35 
-73 69 98 
25 -88 95 
50 34 -60 
-46 -23 13 
84 -8 -23 
37 -35 77 
98 -55 -96 
-13 -60 53 
-97 69 71 
-42 4 35 
-53 64 -12 
-22 -38 -34 
94 40 77 
31 -59 47 
66 80 -89 
-90 -81 -25 
-91 -60 -51 
55 -6 -21 
-20 -36 -54 
55 62 -36 
-25 6 -39 
-55 36 12 
-13 58 21 
49 -22 -74 
89 29 -66 
70 26 -16 
-90 -67 -11 
90 -16 -94 
12 -40 -28 
-56 82 -19 
-34 71 -30 
45 -40 96 
35 -51 71 
-52 30 -8 
-14 29 63 
6 92 34 
-91 84 62 
-69 85 15 
-31 -71 64 
-30 -7 52 
52 15 80 
-37 -21 81 
-14 17 61 
18 53 5 
-60 22 -11 
39 23 99 
48 -78 91 
18 -56 -84 
-94 -10 -42 
100 39 59 
41 40 80 
59 -39 -81 
37 3 29 
-62 98 6 
15 19 -76 
43 2 100 
-58 55 5 
-13 -91 -29 
-16 12 62 
-4 -39 -32 
79 -46 49 
86 60 -46 
14 18 -8 
-35 -42 52 
-4 -98 93 
-44 -58 11 
-8 12 92 
20 67 -46 
-69 -13 17 
-7 57 75 
71 47 -12 
32 -17 58 
57 32 -58 
-16 3 -80 
-21 92 91 
71 -65 64 
14 -50 81 
-34 -28 -7 
-55 70 95 
96 -12 -57 
-49 66 79 
28 -14 33 
13 -24 -55 
-86 93 -57 
-63 -12 5 
-72 84 -37 
85 92 13 
48 41 98 
21 84 60 
-15 53 36 
-70 -15 63 
85 59 97 
27 100 58 
-41 85 -13 
88 -36 -73 
67 80 35 
-81 91 -6 
-92 18 43 
8 -51 -42 
61 85 -5 
-90 -44 -12 
80 -26 -54 
-38 -97 -73 
10 72 88 
18 73 46 
81 -35 -99 
-11 19 -53 
93 -97 -21 
100 -14 -34 
-47 43 9 
61 69 84 
77 -37 -5 
23 -13 12 
-46 -73 45 
-64 8 100 
-59 -94 -88 
-13 76 23 
-5 -63 88 
-46 -6 92 
11 73 100 
13 -92 53 
10 -42 100 
95 -47 99 
-74 -76 14 
-98 69 87 
46 40 -42 
70 30 -80 
50 -45 52 
82 74 43 
-49 -32 -37 
-21 -81 51 
-25 -76 30 
71 44 -35 
48 -92 74 
21 82 62 
-14 -40 83 
57 -76 6 
-32 -46 99 
-36 -84 74 
93 -39 6 
-25 -18 12 
-32 97 -3 
58 -37 -28 
91 86 -88 
38 -13 -35 
-3 -22 -69 
-94 2 99 
5 94 57 
-10 -19 53 
61 -66 -17 
87 1 80 
-15 16 -56 
-61 -45 77 
55 -91 67 
83 35 -5 
-19 -65 -59 
70 -96 61 
99 60 26 
-68 -35 46 
57 30 -15 
-48 22 -7 
-94 9 70 
-65 -26 -53 
66 25 -64 
-88 -37 -27 
54 -51 -19 
55 -94 -93 
-55 97 86 
-89 -4 82 
-82 -51 43 
14 -88 47 
-75 -36 -83 
48 -43 91 
67 -81 -91 
-16 100 41 
-21 -62 92 
-2 -41 -32 
13 61 -26 
44 -29 11 
40 49 -28 
-20 5 -37 
-57 81 18 
96 -41 100 
-25 85 -22 
53 47 76 
-84 87 -12 
94 -55 95 
-25 -4 37 
-69 -81 -62 
-86 -75 74 
94 35 -13 
33 4 93 
-92 -21 24 
-12 -68 57 
-27 -78 -46 
-66 61 -11 
-33 -55 28 
-95 89 83 
55 -91 -97 
59 -39 -47 
-72 30 -83 
-10 46 -84 
-69 -18 32 
-53 -84 21 
-62 17 33 
-82 -64 73 
-28 46 -94 
97 60 -14 
-77 56 33 
99 -45 75 
96 38 3 
-96 -40 63 
-30 24 72 
-99 59 -62 
58 71 -78 
-82 -24 64 
-83 -11 81 
99 -64 -7 
-97 54 -6 
41 35 36 
-84 -52 3 
-56 -97 91 
-75 48 50 
16 -76 57 
74 -77 -23 
96 14 49 
82 56 -54 
89 -78 15 
37 -99 -89 
62 -68 -85 
-62 -96 -86 
12 98 -94 
-48 37 44 
-45 15 -51 
41 -39 -67 
-8 26 -40 
-98 5 -72 
-53 29 -60 
60 -22 -32 
38 52 57 
43 -11 100 
31 83 68 
-30 14 5 
-85 72 35 
35 -86 49 
1 -23 -72 
-63 9 61 
64 -75 -5 
2 65 56 
31 46 -14 
-16 -3 -34 
-60 65 64 
59 -89 9 
100 79 -24 
-9 -73 48 
-82 79 35 
-18 28 -47 
-36 94 22 
70 -71 -59 
-53 13 25 
-33 79 -13 
-52 -66 26 
24 -22 82 
43 -76 -97 
73 79 -52 
34 64 12 
37 100 -10 
-35 68 -55 
99 -41 -1 
-86 72 -89 
72 -81 58 
20 -85 -70 
90 61 32 
-7 69 -84 
63 13 20 
-63 -89 69 
16 -30 -31 
95 73 -62 
99 -26 38 
-76 -23 -18 
40 60 70 
49 -93 -30 
45 65 51 
-90 15 -97 
-72 -16 18 
59 42 -27 
18 72 -99 
-12 -65 -74 
95 -32 -85 
-7 11 -59 
88 -87 -66 
-88 61 70 
94 -59 -35 
-9 -46 17 
-91 35 100 
83 -43 -70 
-19 -25 -87 
-87 31 92 
42 72 90 
26 2 -17 
35 -22 -8 
-28 -61 -41 
-26 84 56 
57 -23 -65 
-45 51 83 
-13 -100 73 
-71 -80 88 
-17 -11 -51 
-18 98 80 
-100 -43 34 
79 -84 62 
32 96 -67 
28 31 52 
-76 -60 -96 
-36 -6 68 
74 26 15 
-84 58 -65 
69 -93 18 
-40 -47 -57 
72 -48 5 
32 -27 77 
-53 -37 36 
-52 88 -80 
96 61 31 
25 32 -16 
-10 4 20 
-40 -8 61 
-7 45 2 
-32 -56 78 
-21 -97 -20 
33 -4 25 
-31 -5 1 
65 49 89 
58 8 -57 
65 82 67 
67 37 22 
-38 52 68 
-17 -21 81 
-57 36 94 
-13 -68 -49 
73 -100 93 
16 58 39 
40 -85 -56 
27 72 68 
53 -100 -54 
-79 -21 54 
-72 -75 -35 
-83 42 15 
51 -42 -26 
-23 -29 -60 
-52 -31 -80 
-3 89 -58 
-18 24 37 
67 -95 -34 
-29 66 88 
47 60 2 
-17 -36 85 
12 8 -66 
54 -23 37 
-54 -77 -92 
41 50 -59 
6 65 -28 
-31 -70 -42 
2 7 49 
-59 72 -56 
81 -53 44 
99 -66 79 
-38 6 47 
36 5 -87 
-46 93 -28 
56 60 28 
-68 -86 -66 
13 -100 -81 
17 75 10 
94 -77 82 
30 -24 -11 
6 -44 10 
11 60 8 
-27 -14 -98 
77 -69 26 
35 -5 29 
-21 -93 53 
38 -64 -88 
8 -48 65 
-19 81 88 
-39 -20 24 
-69 -27 61 
-47 -63 -50 
-53 -50 49 
-9 -40 49 
50 37 64 
-46 78 15 
63 -64 -79 
94 -14 -91 
-19 -67 1 
34 92 81 
43 57 45 
-85 -51 81 
49 -30 -100 
60 -80 44 
-62 -55 -23 
35 -53 73 
-63 79 42 
-97 91 16 
29 -42 12 
-7 88 -15 
-3 -90 -39 
69 10 -38 
60 3 -75 
-14 -78 93 
75 -49 91 
26 69 -25 
17 -86 -48 
-25 86 -32 
-73 -34 77 
-94 -73 61 
-45 -22 -71 
-54 -78 -25 
-41 78 82 
57 -44 -55 
49 76 -30 
-84 -46 -52 
4 -89 -91 
5 53 -73 
6 -97 67 
28 45 -2 
71 -47 48 
3 76 -60 
33 56 -48 
-88 -50 29 
-55 22 -97 
-17 66 -68 
41 63 76 
-44 -43 -35 
38 -39 -78 
60 -85 57 
6 88 -48 
-90 98 -24 
-59 3 63 
-46 -57 -21 
50 -56 32 
82 100 43 
-38 83 49 
-84 -6 -40 
80 63 -64 
66 -28 58 
-6 24 98 
63 90 38 
95 76 87 
-37 -88 -69 
-8 -85 -35 
66 56 -18 
60 -2 48 
37 -95 -52 
-71 -41 70 
2 32 6 
43 -23 -78 
-47 3 -89 
96 8 -20 
28 -30 91 
53 59 35 
18 96 -45 
-39 83 84 
-59 27 -94 
45 -49 59 
89 -94 -71 
66 41 94 
44 -46 -39 
46 91 17 
-68 -73 -87 
-43 -12 -29 
-64 28 29 
7 91 18 
98 -81 76 
99 -34 68 
-56 95 22 
-49 88 -37 
32 -47 91 
71 -11 -91 
87 73 -57 
-96 14 -36 
-14 57 77 
64 -66 -8 
39 -19 88 
12 7 -78 
-75 3 26 
-100 -3 5 
32 -58 91 
28 9 40 
-100 -30 -26 
28 34 78 
27 73 11 
-98 -34 -42 
-7 -87 12 
63 90 45 
-12 -52 70 
-4 18 -96 
-36 -84 -20 
17 29 70 
-53 -74 -9 
64 -18 9 
-22 13 -94 
-43 91 -22 
-9 -78 -99 
-29 77 -60 
-82 -13 -8 
71 -93 54 
4 -25 80 
26 98 3 
-50 -90 -9 
-3 81 96 
17 83 85 
-3 5 73 
88 -18 68 
47 -68 -5 
-33 -95 -88 
80 73 -16 
-20 -89 -74 
21 42 65 
81 28 69 
-3 69 26 
19 5 94 
-78 -64 -4 
-42 56 19 
-90 9 -96 
66 -4 56 
-23 -9 31 
65 -22 4 
61 -13 -31 
-78 -72 97 
43 -17 -86 
-21 -22 -79 
39 82 29 
-37 71 69 
-66 100 -59 
-93 95 74 
-30 98 -85 
-39 95 -28 
35 -5 3 
-64 -38 -10 
25 5 -6 
39 -45 -29 
64 -92 9 
-77 42 100 
-11 75 86 
-25 8 -22 
80 34 57 
-97 -92 21 
56 49 19 
88 77 -28 
-41 34 83 
24 78 -85 
52 80 -39 
-25 -35 -65 
65 77 -58 
-14 -35 -71 
-76 -63 2 
31 -65 -16 
81 -86 1 
-4 -25 78 
17 -85 -73 
34 88 -26 
48 -32 52 
87 -66 -98 
52 -94 -79 
-69 87 -26 
57 -46 84 
-37 39 86 
-75 -10 -34 
-56 84 -83 
40 81 -57 
11 60 22 
-88 57 63 
41 -85 -72 
9 28 -17 
49 48 1 
-82 -27 -87 
96 69 -34 
81 7 -42 
-32 -85 -57 
-55 34 -99 
39 3 -72 
8 -68 73 
-5 56 -16 
-56 60 -83 
-92 -40 44 
60 -55 63 
4 -3 -32 
-49 -39 -12 
-53 55 99 
100 12 31 
24 4 76 
-93 -32 49 
96 -95 28 
-79 -41 -74 
-21 72 -4 
-99 -26 45 
-100 57 -81 
-21 -79 88 
-97 34 69 
6 -82 -22 
25 8 -26 
-2 -94 -87 
62 -14 -57 
51 -47 -21 
-21 50 69 
-59 26 79 
17 71 31 
-54 -34 -82 
-97 -34 -74 
-37 -82 21 
15 38 -99 
-73 82 -83 
25 -41 37 
-32 8 50 
-90 -82 -64 
98 95 85 
-23 -82 -97 
-71 -92 25 
62 1 81 
-23 -48 94 
-21 90 11 
-95 91 -71 
-80 94 -37 
92 -18 -85 
46 -78 -71 
17 81 33 
79 30 66 
-80 -23 -57 
-3 -22 42 
-61 79 -66 
39 74 -81 
79 56 -9 
-80 6 91 
58 -75 -89 
-35 -6 57 
74 -19 25 
90 -84 -46 
-16 80 37 
-55 -19 -52 
68 -28 12 
49 -46 25 
78 38 -35 
-94 74 40 
-5 65 86 
58 26 48 
57 -14 80 
59 22 9 
-29 -98 63 
58 21 -51 
-59 -77 -1 
33 -47 -65 
23 96 95 
-60 76 -40 
-89 -1 80 
-52 -85 23 
-76 51 -27 
43 38 60 
4 92 55 
49 -10 43 
20 -63 49 
42 -68 36 
78 6 21 
-5 -37 -57 
-70 -67 -17 
83 -80 37 
88 -4 46 
53 -21 60 
-44 15 41 
-2 -5 45 
-57 93 60 
-30 -27 -11 
-76 -13 95 
47 -72 -100 
-43 -37 -73 
73 14 -50 
-37 42 -7 
-24 29 91 
44 -27 -51 
78 -66 73 
88 -73 42 
77 33 -51 
46 3 -60 
-100 -82 -85 
80 34 -94 
-16 -99 21 
-66 -45 -21 
-36 50 -3 
-55 -76 -16 
88 -39 -65 
-64 84 70 
69 17 -5 
-31 47 75 
75 57 6 
36 -76 -80 
-84 1 94 
-54 68 52 
61 27 89 
14 83 47 
78 -57 35 
-30 -33 25 
-34 -76 -21 
96 49 -100 
-70 99 -20 
-44 -94 21 
-77 60 41 
5 -53 85 
69 -12 -85 
-12 -88 -5 
-16 56 7 
-2 -6 46 
1 -66 -12 
-26 -16 7 
31 -23 54 
57 91 8 
-54 65 32 
-40 -21 -71 
59 5 70 
20 82 98 
93 59 52 
37 -7 -55 
7 -68 95 
70 13 -62 
-30 -21 84 
76 -70 -74 
-11 22 6 
36 -88 -56 
-66 -24 61 
-84 58 47 
-7 -10 -83 
-3 -13 -86 
1 -38 82 
-31 -56 -28 
-65 -22 -82 
-96 -43 79 
7 -46 -8 
-79 -10 24 
16 75 -93 
52 46 87 
16 82 -35 
88 -42 -34 
-19 90 -34 
-97 96 26 
46 47 -15 
-83 -91 -12 
73 34 -49 
-89 2 66 
44 56 -15 
47 -33 92 
48 57 -60 
93 84 -17 
-71 -4 -61 
47 -89 -55 
-55 -100 5 
87 75 -45 
38 -49 47 
-9 -4 51 
3 -12 8 
41 -35 46 
-23 -88 85 
-45 -97 9 
-22 33 3 
-28 -95 79 
-42 -70 44 
-4 -94 36 
54 -19 97 
-11 -21 -34 
-47 -62 -89 
64 12 -67 
-52 -45 -53 
83 -17 25 
-56 -33 -94 
-50 79 -30 
15 -48 -11 
-4 -61 -30 
-30 49 -19 
-88 87 -33 
13 -84 -36 
18 94 -26 
21 74 -37 
25 -22 48 
-39 -79 87 
9 -41 96 
28 -20 47 
69 90 -9 
-66 -32 -68 
-30 -68 69 
-96 -80 91 
75 94 -81 
-44 -79 87 
-75 84 -23 
-67 89 -35 
12 9 -28 
-17 89 -23 
67 42 60 
-14 -69 10 
-2 23 -4 
31 -20 -99 
-97 86 65 
-94 -4 -75 
-92 79 55 
-15 -42 -61 
4 -84 -52 
80 92 -86 
-1 -69 -29 
-29 -46 -12 
-23 -72 -9 
89 -41 72 
-21 37 8 
-76 66 -73 
-43 18 6 
-19 14 67 
87 -69 75 
-28 -31 62 
22 -51 -29 
46 50 -10 
25 66 -15 
61 -51 36 
100 55 75 
38 -76 -45 
-51 72 82 
87 42 -25 
-53 29 77 
-7 -92 68 
-22 66 -18 
-83 -46 -1 
-56 50 -48 
58 96 19 
28 75 73 
11 -85 78 
31 -4 54 
-51 35 40 
-81 -48 22 
88 -68 46 
-12 81 89 
34 -50 69 
43 -30 70 
47 -85 84 
67 61 96 
-29 -70 63 
-100 83 62 
7 -21 94 
-32 84 46 
-17 88 -4 
24 -65 37 
-58 52 -20 
9 49 -32 
-45 -95 -98 
-39 -8 -34 
-15 -77 98 
-17 -2 14 
77 -15 76 
-86 -57 10 
-19 -72 59 
35 30 -60 
-40 -94 39 
3 95 96 
-10 -46 -65 
-59 -51 -31 
-25 70 -68 
42 -11 -73 
6 86 -27 
78 -5 67 
50 26 52 
-97 85 -33 
-61 -55 30 
-59 78 70 
-33 -45 -6 
53 65 52 
-93 29 61 
-40 46 24 
-23 88 67 
-89 86 18 
46 -16 -2 
-82 60 13 
21 64 -69 
-89 -71 -29 
-82 -86 10 
55 -74 -80 
-30 -18 12 
-95 62 88 
-76 -59 70 
73 96 -68 
-77 -83 48 
93 44 68 
42 6 -11 
-87 -78 28 
92 29 89 
-48 -90 32 
59 -25 99 
-53 -63 61 
-25 -31 -98 
-76 -68 94 
83 10 13 
49 24 52 
71 -50 81 
84 51 -95 
69 65 72 
-2 63 17 
-76 43 -87 
48 90 -18 
15 16 -56 
68 -37 38 
-90 -86 55 
-64 -78 -92 
-62 30 11 
-29 70 -72 
-64 29 57 
43 62 30 
-11 77 -14 
16 -76 33 
44 33 53 
-45 27 43 
98 20 -73 
-38 -51 11 
-18 22 43 
-43 60 40 
-53 24 -58 
-91 52 -38 
-81 -73 36 
11 -74 56 
-16 -7 98 
74 -57 -13 
2 65 79 
-88 -49 33 
34 90 92 
42 71 1 
-26 -47 -69 
-49 -10 25 
-91 50 -56 
-82 -53 -66 
34 -55 21 
80 89 -45 
88 65 69 
12 80 50 
-49 -31 -68 
29 68 42 
82 39 21 
76 14 -11 
43 -86 16 
-83 -40 -5 
-39 -75 -93 
3 -50 26 
29 14 38 
34 -90 -10 
48 -10 -11 
20 -9 49 
-10 -87 27 
12 -86 -54 
64 -24 39 
-5 50 71 
64 -89 -51 
28 -70 -35 
30 72 49 
-17 19 -21 
13 -24 -28 
-37 29 92 
-29 -20 100 
7 -8 -70 
-8 -11 27 
-19 -12 69 
-89 -58 -4 
-3 61 49 
-94 -27 81 
-100 47 -21 
77 45 -38 
20 -21 34 
-12 88 -45 
73 -85 60 
-25 100 -43 
14 59 37 
34 36 58 
98 68 93 
97 19 -13 
-70 -28 -87 
-72 60 55 
-52 -58 37 
12 48 -44 
95 -75 -35 
83 -87 35 
90 46 63 
69 -99 21 
72 -92 -44 
-80 25 34 
100 44 85 
-41 -26 -71 
-65 74 49 
-93 86 -63 
-47 -35 99 
-24 79 -36 
-22 28 100 
13 42 64 
39 -14 -28 
57 24 10 
19 44 -82 
98 -93 -41 
-58 -56 -73 
-95 -77 99 
-92 -46 28 
14 78 3 
2 -7 -65 
-13 36 14 
31 7 6 
-26 68 94 
-1 43 22 
-51 -87 -14 
91 62 47 
39 -2 -97 
59 77 90 
-21 78 49 
24 63 -95 
-99 -67 75 
-81 -92 95 
13 3 15 
-75 -71 43 
-4 78 86 
-20 62 45 
-86 -58 -74 
-99 88 -100 
-67 -69 -46 
-46 49 -71 
94 89 92 
-17 -3 30 
91 11 -89 
28 -53 3 
83 28 -78 
70 -24 44 
-8 22 -65 
48 51 55 
8 -71 -50 
31 40 -26 
47 -27 -20 
-26 42 -100 
-81 13 100 
39 34 9 
-79 85 30 
5 -93 27 
-14 -51 -29 
-24 49 -50 
-46 -31 84 
67 -22 57 
-46 41 -40 
-63 66 38 
-35 77 23 
88 -15 2 
48 71 76 
34 83 -9 
97 -16 60 
13 11 -10 
89 59 73 
-57 65 9 
88 -61 70 
-54 -7 79 
-75 -43 59 
-8 -35 25 
54 12 9 
83 38 -46 
39 -62 -30 
25 -71 3 
44 -69 -65 
-87 -66 -17 
-54 -75 70 
10 -100 -31 
-78 5 88 
91 60 -9 
-1 -52 50 
90 25 76 
-72 77 27 
56 93 38 
69 -29 100 
-59 -40 -35 
99 -19 89 
-29 -98 33 
-88 -60 -10 
-22 93 -25 
4 91 33 
42 13 -74 
30 51 -75 
95 -50 88 
-71 79 -92 
-31 13 -2 
-18 64 -45 
50 -57 58 
99 75 -95 
-43 -65 44 
67 73 -18 
-45 23 -64 
-74 -47 99 
56 -74 -70 
-93 4 92 
3 -55 31 
80 31 -44 
-49 68 -1 
86 -97 49 
-12 -99 -32 
-51 73 63 
-76 50 -28 
20 -6 75 
-85 99 -52 
-98 -12 -69 
-80 -10 -19 
50 -56 57 
-12 -72 83 
67 69 57 
37 61 65 
52 13 -29 
-40 -89 -48 
-99 47 -94 
-31 64 9 
79 96 1 
89 -23 25 
23 -40 73 
50 -51 13 
42 -12 50 
71 22 -74 
8 -76 -25 
-58 64 -65 
-23 69 60 
-85 21 -95 
72 74 -17 
-37 86 -96 
-60 81 82 
79 -9 -3 
-55 -66 47 
-94 -41 -93 
-27 -61 83 
83 97 55 
90 72 -34 
59 -87 -2 
-7 -33 73 
-29 6 1 
-4 -12 -38 
44 8 -21 
-85 -57 88 
-95 -35 -53 
96 -67 46 
-54 -53 -26 
-14 -16 -90 
-10 -87 -19 
64 -48 -17 
-56 45 4 
-77 -81 36 
36 63 -96 
-6 -52 -40 
31 59 -84 
-78 75 -99 
-11 36 -83 
-92 -40 -73 
69 -90 -25 
28 50 61 
-5 -84 -100 
87 -18 93 
90 -22 -10 
-2 -1 19 
-98 -87 69 
61 -32 -30 
-98 -51 27 
-37 28 -19 
24 30 -40 
73 65 -28 
-68 -60 79 
33 -12 53 
4 89 -14 
63 -99 30 
-32 -95 25 
-81 42 96 
41 -10 -87 
86 10 75 
61 -77 -73 
-70 -27 -62 
-60 -90 74 
-94 59 30 
-92 98 79 
81 24 -73 
73 13 30 
-61 95 -23 
98 -88 -47 
22 37 -84 
-82 91 24 
-51 -4 73 
-2 -60 37 
80 13 90 
78 -89 36 
26 -54 66 
-9 -31 -47 
43 -81 -48 
-89 32 -92 
5 88 -37 
46 -88 61 
70 94 -26 
20 -28 58 
54 98 42 
-67 18 82 
-76 -85 -22 
-35 -23 -41 
-78 -50 -15 
69 -36 93 
-77 -58 55 
10 -46 -93 
71 -22 -92 
-82 -33 75 
61 -94 -38 
-62 70 58 
80 99 -38 
-20 -91 56 
54 2 88 
40 85 -10 
-6 43 66 
13 63 -44 
-65 41 -21 
61 18 -98 
12 61 -10 
53 76 -99 
48 -91 -11 
-43 -92 -89 
32 -36 -61 
44 -85 78 
-51 -44 -78 
-47 -53 -21 
-15 99 89 
16 21 67 
12 44 22 
-86 97 73 
-72 44 -68 
-43 -76 -78 
15 -81 80 
69 -54 11 
45 -7 82 
26 -42 41 
-19 -62 22 
-17 -9 -98 
35 76 38 
-24 -93 -95 
24 99 -85 
-84 23 56 
31 60 -59 
-97 54 -77 
48 16 -8 
-84 80 57 
-23 -67 16 
-50 36 -31 
47 -3 99 
45 91 -24 
-49 -7 25 
-46 -79 62 
83 27 -68 
34 46 89 
-37 54 -90 
-74 26 -53 
-80 -46 26 
-34 47 27 
44 92 85 
94 63 -83 
-39 -3 -11 
31 -44 83 
-41 99 55 
-51 37 -64 
52 -84 -90 
96 55 69 
-17 -81 -98 
35 -44 -81 
98 16 -84 
94 15 -83 
74 95 5 
-46 26 -60 
70 86 -11 
24 86 -69 
38 59 -41 
-22 49 90 
3 -36 87 
93 83 -54 
-87 59 -64 
45 79 72 
-86 91 59 
-58 45 -48 
-63 -32 -9 
10 76 96 
-57 34 -56 
-4 -14 -13 
-76 24 -62 
-48 -2 -55 
11 -73 -27 
-64 44 -89 
-35 -17 -80 
45 5 39 
27 -93 41 
-26 56 -77 
79 53 12 
-53 -73 59 
-41 -27 -47 
48 97 55 
-85 -73 5 
-51 87 -26 
-99 -22 -33 
-66 -69 -78 
-20 21 -81 
84 26 65 
-55 -54 81 
-55 57 -58 
-75 -68 63 
-42 -11 -13 
56 24 -14 
25 27 -50 
-56 -77 -47 
-40 -44 92 
-47 -64 83 
3 18 97 
3 53 67 
34 16 -96 
-22 16 -45 
-66 55 -25 
41 -63 -45 
20 -97 32 
50 -95 83 
-40 -6 75 
12 9 40 
-90 91 -98 
34 -40 46 
13 -84 -70 
19 96 -93 
91 21 -1 
67 -48 -52 
84 88 -28 
-11 72 89 
-92 -20 -94 
62 83 90 
56 30 81 
47 18 100 
-73 -92 65 
66 -76 -83 
-61 80 91 
-68 -35 -55 
84 73 -55 
11 43 81 
48 -19 -9 
-71 -51 11 
87 13 80 
20 -39 65 
-59 41 27 
77 -7 -99 
-89 15 -83 
100 2 -42 
72 16 -86 
-78 -77 54 
30 -52 -56 
-86 -10 47 
89 87 -31 
29 -82 -33 
85 -69 -26 
57 -73 91 
-97 96 57 
-67 -93 36 
-44 60 -56 
-94 -37 -18 
-79 -50 17 
-5 23 -20 
-35 -45 36 
97 94 33 
-80 -93 68 
-26 -36 -16 
-43 -95 48 
-26 -85 89 
-37 24 23 
54 -8 -18 
-85 -9 30 
-53 -32 90 
-62 -28 47 
-16 -76 -46 
-29 53 51 
91 -81 60 
-68 59 82 
22 -27 -7 
-58 3 -69 
27 41 -56 
74 81 72 
-85 1 -39 
88 56 -81 
-92 -18 47 
-95 -56 94 
86 -47 -36 
93 90 -58 
25 36 88 
4 33 -73 
-62 82 41 
-65 -17 63 
53 37 -33 
-96 -6 -84 
-51 17 -93