# instance by G2
# solution = 000101011011110111101010110111
# solved:    111000001101001011010100101101 (also a solution; check it!)
# Took my program 6ms on my 2.66GHz Mac Pro.
30 50 3
25 5 -12 
21 -4 5 
-8 -2 -11 
22 13 5 
-4 -14 28 
21 -5 -24 
-30 -16 -15 
-1 30 -4 
2 23 1 
-11 3 18 
29 -19 15 
15 -6 12 
-26 -30 11 
-13 -19 4 
-15 -24 -18 
-25 8 -5 
-25 -11 26 
-29 -28 -22 
4 -30 3 
14 3 7 
7 -22 17 
-12 25 -23 
-5 -26 -15 
-20 -5 -9 
-13 -24 -23 
-10 -19 -21 
22 1 16 
30 24 -13 
-14 30 -21 
-23 -7 -17 
18 -22 28 
7 3 4 
24 27 -20 
-6 24 25 
27 14 2 
20 23 -25 
-8 -3 -25 
8 10 -14 
17 -12 -28 
14 5 -23 
-4 27 6 
1 -5 -16 
-5 -7 15 
-13 -30 -27 
3 -13 30 
-23 19 -14 
-1 -6 -28 
-11 -30 9 
-24 14 -15 
28 -9 -27 
