# instance by G2
# solution = 111
# solved:    111
# Takes 5ms on my 2.66GHz Mac Pro.
3 100 3
-3 1 -2 
-1 2 -3 
-1 3 -2 
-3 1 -2 
-2 1 -3 
1 -2 -3 
-1 3 -2 
1 -2 3 
1 -2 -3 
-3 2 -1 
3 -2 1 
2 -1 3 
2 3 1 
1 3 2 
3 -1 2 
3 2 1 
1 3 -2 
-2 1 3 
2 -1 3 
2 3 -1 
2 3 -1 
2 -1 3 
3 -1 2 
1 3 2 
1 -2 -3 
2 -1 3 
-2 -1 3 
-2 -3 1 
-2 3 1 
-1 3 2 
1 -2 -3 
1 -2 3 
-1 2 3 
3 2 -1 
3 1 -2 
2 -1 -3 
1 -2 -3 
-2 1 3 
-2 -3 1 
-1 3 -2 
1 -3 -2 
1 3 -2 
2 -3 -1 
1 3 2 
1 2 -3 
-2 1 -3 
3 -2 1 
1 3 2 
-1 3 -2 
-1 3 2 
1 3 2 
-2 -1 3 
2 1 3 
2 -3 1 
-1 -2 3 
-2 -1 3 
-1 -3 2 
-1 -2 3 
-2 1 -3 
-2 3 -1 
-2 1 3 
-1 -3 2 
-1 3 -2 
-2 -3 1 
1 -3 -2 
1 -3 2 
-1 2 -3 
2 -1 -3 
3 1 2 
-3 -2 1 
1 3 2 
2 -3 1 
3 -1 -2 
1 2 -3 
1 3 2 
-2 1 -3 
-3 1 -2 
2 1 3 
1 -2 -3 
1 -2 -3 
2 -3 -1 
1 3 -2 
2 1 3 
-3 1 2 
-2 3 1 
1 3 2 
3 2 -1 
3 1 -2 
1 3 -2 
2 1 -3 
-2 3 -1 
3 2 1 
-1 -3 2 
3 2 1 
3 1 2 
1 -2 3 
2 -3 1 
2 3 -1 
2 3 -1 
3 -2 -1 
