0      41           57
1      79.6         112
2      144.2        177
3      144.2        194
4      169.4        552
5      169.4        552
6      196.2        552
7      196.2        552
8      196.2        552
9      196.2        552
10     235.4        479
11     277.2        533
12     277.2        554
13     322.6        805
14     365          1047
15     699.2        1442
16     699.2        1922
17     699.2        1922
18     724.8        2143
19     724.8        2143
20     1085.2       2438
21     1085.2       2438
22     1085.2       2438
23     1085.2       2438
24     1085.2       2438
25     1085.2       2543
26     1085.2       2438
27     1085.2       2476
28     1085.2       2438
29     1096.6       2438
30     1155         3020
31     1155         2999
32     1155         2999
33     1222         2999
34     1222         2999
35     1222         2999
36     1222         3035
37     1222         3387
38     1222         2999
39     1222         2999
40     1222         2999
41     1613.2       2999
42     1613.2       3052
43     1613.2       3668
44     1613.2       3668
45     1613.2       3668
46     1613.2       3668
47     1613.2       4437
48     1613.2       4437
49     1613.2       4437
50     1613.2       4437
51     1687         5101
52     1687         5101
53     1687         5101
54     1687         5365
55     2002.6       5101
56     2002.6       5101
57     2002.6       5101
58     2002.6       5101
59     2002.6       5101
60     2002.6       5101
61     2002.6       5101
62     2002.6       5101
63     2002.6       5101
64     2002.6       5101
65     2002.6       5101
66     2002.6       7014
67     2220.6       8144
68     2220.6       8144
69     2220.6       8144
70     2220.6       8144
71     2220.6       8144
72     2220.6       8144
73     2220.6       8144
74     2220.6       8144
75     2252.6       8144
76     2252.6       8144
77     2252.6       8144
78     2252.6       8144
79     2252.6       8144
80     2788         8144
81     2788         8144
82     2788         8144
83     2788         8144
84     2788         8144
85     2788         8144
86     2788         8144
87     2788         8144
88     2788         8144
89     2788         7108
90     2788         7108
91     2788         7108
92     2788         7108
93     2788         7108
94     2788         7108
95     2788         7108
96     3153.8       8104
97     3153.8       8104
98     3153.8       8104
99     3153.8       8104
100    3153.8       8104
101    3153.8       8104
102    3153.8       8104
103    3153.8       8104
104    3153.8       8104
105    3153.8       8104
106    3153.8       8104
107    3153.8       8104
108    3153.8       8104
109    3153.8       8104
110    3153.8       8104
111    3153.8       9110
112    3153.8       8104
113    3153.8       8104
114    3153.8       8104
115    3153.8       8104
116    3153.8       10388
117    3153.8       10388
118    3153.8       10388
119    3153.8       10388
120    3153.8       10388
121    3153.8       10388
122    3153.8       10388
123    3153.8       10388
124    3153.8       8104
125    3456.4       8104
126    3456.4       8104
127    3456.4       8104
128    3456.4       8104
129    3456.4       8104
130    3456.4       8104
131    3456.4       10367
132    3456.4       10367
133    3456.4       10367
134    3456.4       10367
135    3456.4       10367
136    3456.4       10367
137    3456.4       10367
138    3456.4       10367
139    3456.4       10367
140    3456.4       10367
141    3456.4       10367
